#            e_c             P_c            n_Bc               R               M             M_B
  1.00000000e+02   2.94428790e+00   3.15662651e-01   4.42843173e+00   7.39928885e-02   9.73547304e-02
  1.03864882e+02   2.94428790e+00   3.15662651e-01   4.42843173e+00   7.39928885e-02   9.73547304e-02
  1.07879138e+02   2.94428790e+00   3.15662651e-01   4.42843173e+00   7.39928885e-02   9.73547304e-02
  1.12048540e+02   2.94428790e+00   3.15662651e-01   4.42843173e+00   7.39928885e-02   9.73547304e-02
  1.16379085e+02   2.94428790e+00   3.15662651e-01   4.42843173e+00   7.39928885e-02   9.73547304e-02
  1.20876999e+02   2.94428790e+00   3.15662651e-01   4.42843173e+00   7.39928885e-02   9.73547304e-02
  1.25548753e+02   2.94428790e+00   3.15662651e-01   4.42843173e+00   7.39928885e-02   9.73547304e-02
  1.30401065e+02   2.94428790e+00   3.15662651e-01   4.42843173e+00   7.39928885e-02   9.73547304e-02
  1.35440913e+02   2.94428790e+00   3.15662651e-01   4.42843173e+00   7.39928885e-02   9.73547304e-02
  1.40675545e+02   2.94428790e+00   3.15662651e-01   4.42843173e+00   7.39928885e-02   9.73547304e-02
  1.46112490e+02   2.94428790e+00   3.15662651e-01   4.42843173e+00   7.39928885e-02   9.73547304e-02
  1.51759566e+02   2.94428790e+00   3.15662651e-01   4.42843173e+00   7.39928885e-02   9.73547304e-02
  1.57624895e+02   2.94428790e+00   3.15662651e-01   4.42843173e+00   7.39928885e-02   9.73547304e-02
  1.63716912e+02   2.94428790e+00   3.15662651e-01   4.42843173e+00   7.39928885e-02   9.73547304e-02
  1.70044378e+02   2.94428790e+00   3.15662651e-01   4.42843173e+00   7.39928885e-02   9.73547304e-02
  1.76616393e+02   2.94428790e+00   3.15662651e-01   4.42843173e+00   7.39928885e-02   9.73547304e-02
  1.83442409e+02   2.94428790e+00   3.15662651e-01   4.42843173e+00   7.39928885e-02   9.73547304e-02
  1.90532243e+02   2.94428790e+00   3.15662651e-01   4.42843173e+00   7.39928885e-02   9.73547304e-02
  1.97896090e+02   2.94428790e+00   3.15662651e-01   4.42843173e+00   7.39928885e-02   9.73547304e-02
  2.05544542e+02   2.94428790e+00   3.15662651e-01   4.42843173e+00   7.39928885e-02   9.73547304e-02
  2.13488597e+02   2.94428790e+00   3.15662651e-01   4.42843173e+00   7.39928885e-02   9.73547304e-02
  2.21739680e+02   2.94428790e+00   3.15662651e-01   4.42843173e+00   7.39928885e-02   9.73547304e-02
  2.30309658e+02   4.57899210e+00   3.21250439e-01   5.42204248e+00   1.36031606e-01   1.80378718e-01
  2.39210856e+02   8.79362630e+00   3.32779250e-01   7.14007765e+00   3.13914236e-01   4.23838398e-01
  2.48456074e+02   1.31358341e+01   3.44737943e-01   8.29822283e+00   4.99210109e-01   6.84987221e-01
  2.58058610e+02   1.76108518e+01   3.57364311e-01   9.15254096e+00   6.78991747e-01   9.45278276e-01
  2.68032272e+02   2.22239301e+01   3.70200796e-01   9.81040171e+00   8.47942541e-01   1.19600575e+00
  2.78391404e+02   2.69805701e+01   3.83207663e-01   1.03316634e+01   1.00435043e+00   1.43346004e+00
  2.89150905e+02   3.18864305e+01   3.96607331e-01   1.07510805e+01   1.14770293e+00   1.65570459e+00
  3.00326247e+02   3.69472555e+01   4.10317083e-01   1.10924982e+01   1.27839413e+00   1.86228690e+00
  3.11933504e+02   4.21691067e+01   4.24256928e-01   1.13735725e+01   1.39733351e+00   2.05371316e+00
  3.23989367e+02   4.75581525e+01   4.38644975e-01   1.16047404e+01   1.50507710e+00   2.23003401e+00
  3.36511176e+02   5.31208111e+01   4.53259629e-01   1.17963558e+01   1.60277102e+00   2.39241900e+00
  3.49516937e+02   5.88637151e+01   4.68322776e-01   1.19543769e+01   1.69113579e+00   2.54143785e+00
  3.63025356e+02   6.47937193e+01   4.83666626e-01   1.20849409e+01   1.77109216e+00   2.67811730e+00
  3.77055860e+02   7.09179041e+01   4.99437966e-01   1.21922553e+01   1.84334766e+00   2.80320409e+00
  3.91628626e+02   7.72436448e+01   5.15566781e-01   1.22790974e+01   1.90861552e+00   2.91754020e+00
  4.06764612e+02   8.37785111e+01   5.32071483e-01   1.23490483e+01   1.96750719e+00   3.02185566e+00
  4.22485586e+02   9.05303948e+01   5.49025695e-01   1.24038747e+01   2.02051129e+00   3.11671357e+00
  4.38814157e+02   9.75074601e+01   5.66385025e-01   1.24462620e+01   2.06832196e+00   3.20312169e+00
  4.55773809e+02   1.04718146e+02   5.84170330e-01   1.24773982e+01   2.11130924e+00   3.28152426e+00
  4.73388931e+02   1.12171206e+02   6.02401326e-01   1.24990894e+01   2.14994924e+00   3.35261497e+00
  4.91684857e+02   1.19875715e+02   6.21095541e-01   1.25118242e+01   2.18451533e+00   3.41671826e+00
  5.10687899e+02   1.27841081e+02   6.40270961e-01   1.25171161e+01   2.21540595e+00   3.47444151e+00
  5.30425386e+02   1.36077053e+02   6.59936648e-01   1.25160437e+01   2.24298060e+00   3.52634479e+00
  5.50925704e+02   1.44593735e+02   6.80107029e-01   1.25084687e+01   2.26735930e+00   3.57252751e+00
  5.72218335e+02   1.53401604e+02   7.00802000e-01   1.24961610e+01   2.28898562e+00   3.61376754e+00
  5.94333902e+02   1.62511522e+02   7.22032542e-01   1.24790941e+01   2.30798203e+00   3.65020679e+00
  6.17304209e+02   1.71934754e+02   7.43812816e-01   1.24576919e+01   2.32453243e+00   3.68212323e+00
  6.41162291e+02   1.81682983e+02   7.66157245e-01   1.24326905e+01   2.33884912e+00   3.70987645e+00
  6.65942460e+02   1.91768333e+02   7.89088281e-01   1.24040897e+01   2.35113104e+00   3.73379834e+00
  6.91680354e+02   2.02203356e+02   8.12629567e-01   1.23731661e+01   2.36161733e+00   3.75433347e+00
  7.18412987e+02   2.13001095e+02   8.36782063e-01   1.23392254e+01   2.37023115e+00   3.77125999e+00
  7.46178804e+02   2.24175070e+02   8.61584157e-01   1.23033270e+01   2.37734445e+00   3.78530824e+00
  7.75017738e+02   2.35739304e+02   8.87035844e-01   1.22647694e+01   2.38285063e+00   3.79620658e+00
  8.04971263e+02   2.47708343e+02   9.13172180e-01   1.22247734e+01   2.38703306e+00   3.80452303e+00
  8.36082457e+02   2.60097290e+02   9.40004682e-01   1.21830120e+01   2.38990995e+00   3.81025800e+00
  8.68396061e+02   2.72921798e+02   9.67553465e-01   1.21398282e+01   2.39161386e+00   3.81366625e+00
  9.01958549e+02   2.86198114e+02   9.95841748e-01   1.20953912e+01   2.39220616e+00   3.81485276e+00
