# TOV sequence (stable branch only)
# Hadronic isentropic_trapped, 2fam_phi_xsd115 YL=0.20 S=3.0
# M_max = 1.7132 M_sun at e_c = 1542.16 MeV/fm^3
# Columns: e_c [MeV/fm^3], P_c [MeV/fm^3], n_Bc [fm^-3], R [km], M [M_sun], Mb [M_sun]

1.500000e+02	6.382157e+00	1.494530e-01	2.791791e+01	9.374496e-01	9.474823e-01
1.543239e+02	6.698255e+00	1.536090e-01	2.755130e+01	9.470679e-01	9.576674e-01
1.587724e+02	7.029914e+00	1.578759e-01	2.722006e+01	9.567221e-01	9.679094e-01
1.633492e+02	7.378087e+00	1.622583e-01	2.691787e+01	9.664190e-01	9.782114e-01
1.680579e+02	7.743803e+00	1.667595e-01	2.659103e+01	9.761550e-01	9.885727e-01
1.729023e+02	8.128144e+00	1.713787e-01	2.629886e+01	9.859283e-01	9.989909e-01
1.778864e+02	8.532283e+00	1.761219e-01	2.599288e+01	9.957478e-01	1.009476e+00
1.830141e+02	8.957496e+00	1.809930e-01	2.567625e+01	1.005622e+00	1.020038e+00
1.882897e+02	9.405156e+00	1.859936e-01	2.539199e+01	1.015536e+00	1.030663e+00
1.937173e+02	9.876715e+00	1.911251e-01	2.511391e+01	1.025507e+00	1.041367e+00
1.993014e+02	1.037373e+01	1.963910e-01	2.482151e+01	1.035554e+00	1.052173e+00
2.050464e+02	1.089787e+01	2.017964e-01	2.454713e+01	1.045657e+00	1.063059e+00
2.109571e+02	1.145090e+01	2.073443e-01	2.426632e+01	1.055838e+00	1.074049e+00
2.170381e+02	1.203472e+01	2.130377e-01	2.401528e+01	1.066103e+00	1.085150e+00
2.232945e+02	1.265133e+01	2.188796e-01	2.373452e+01	1.076447e+00	1.096359e+00
2.297311e+02	1.330285e+01	2.248730e-01	2.347449e+01	1.086888e+00	1.107695e+00
2.363534e+02	1.399151e+01	2.310211e-01	2.321608e+01	1.097429e+00	1.119163e+00
2.431665e+02	1.471971e+01	2.373277e-01	2.295773e+01	1.108074e+00	1.130766e+00
2.501760e+02	1.548993e+01	2.437962e-01	2.270222e+01	1.118824e+00	1.142508e+00
2.573875e+02	1.630483e+01	2.504300e-01	2.245198e+01	1.129688e+00	1.154400e+00
2.648070e+02	1.716720e+01	2.572330e-01	2.220534e+01	1.140677e+00	1.166453e+00
2.724403e+02	1.807998e+01	2.642093e-01	2.195739e+01	1.151786e+00	1.178662e+00
2.802936e+02	1.904625e+01	2.713628e-01	2.171664e+01	1.163023e+00	1.191040e+00
2.883733e+02	2.006928e+01	2.786979e-01	2.147710e+01	1.174390e+00	1.203588e+00
2.966860e+02	2.115247e+01	2.862173e-01	2.123678e+01	1.185884e+00	1.216305e+00
3.052382e+02	2.229944e+01	2.939247e-01	2.100065e+01	1.197512e+00	1.229198e+00
3.140370e+02	2.351401e+01	3.018224e-01	2.076862e+01	1.209262e+00	1.242257e+00
3.230894e+02	2.480018e+01	3.099187e-01	2.053920e+01	1.221146e+00	1.255495e+00
3.324028e+02	2.616211e+01	3.182159e-01	2.030909e+01	1.233150e+00	1.268897e+00
3.419846e+02	2.760423e+01	3.267158e-01	2.008511e+01	1.245283e+00	1.282477e+00
3.518426e+02	2.913127e+01	3.354259e-01	1.986303e+01	1.257529e+00	1.296215e+00
3.619848e+02	3.074806e+01	3.443488e-01	1.965047e+01	1.269885e+00	1.310114e+00
3.724194e+02	3.245982e+01	3.534873e-01	1.942303e+01	1.282353e+00	1.324173e+00
3.831547e+02	3.427192e+01	3.628494e-01	1.920852e+01	1.294911e+00	1.338370e+00
3.941995e+02	3.619016e+01	3.724333e-01	1.900411e+01	1.307559e+00	1.352706e+00
4.055627e+02	3.822050e+01	3.822489e-01	1.879957e+01	1.320280e+00	1.367164e+00
4.172534e+02	4.036930e+01	3.922969e-01	1.858439e+01	1.333070e+00	1.381740e+00
4.292811e+02	4.264316e+01	4.025820e-01	1.837898e+01	1.345918e+00	1.396423e+00
4.416556e+02	4.504909e+01	4.131100e-01	1.817664e+01	1.358800e+00	1.411185e+00
4.543867e+02	4.759436e+01	4.238805e-01	1.797956e+01	1.371716e+00	1.426029e+00
4.674848e+02	5.028661e+01	4.349009e-01	1.778611e+01	1.384638e+00	1.440925e+00
4.809605e+02	5.313377e+01	4.461741e-01	1.759704e+01	1.397561e+00	1.455865e+00
4.948247e+02	5.614417e+01	4.577035e-01	1.740691e+01	1.410460e+00	1.470823e+00
5.090884e+02	5.932639e+01	4.694932e-01	1.721556e+01	1.423330e+00	1.485793e+00
5.237634e+02	6.268930e+01	4.815445e-01	1.703263e+01	1.436132e+00	1.500729e+00
5.388614e+02	6.624208e+01	4.938636e-01	1.685214e+01	1.448865e+00	1.515631e+00
5.543946e+02	6.999413e+01	5.064533e-01	1.667393e+01	1.461493e+00	1.530457e+00
5.703755e+02	7.395512e+01	5.193166e-01	1.650339e+01	1.474013e+00	1.545201e+00
5.868171e+02	7.813489e+01	5.324572e-01	1.632786e+01	1.486388e+00	1.559822e+00
6.037327e+02	8.254343e+01	5.458790e-01	1.616403e+01	1.498604e+00	1.574300e+00
6.211358e+02	8.719102e+01	5.595862e-01	1.599286e+01	1.510637e+00	1.588608e+00
6.390407e+02	9.208792e+01	5.735829e-01	1.582926e+01	1.522461e+00	1.602712e+00
6.574616e+02	9.724473e+01	5.878739e-01	1.567247e+01	1.534055e+00	1.616586e+00
6.764136e+02	1.026721e+02	6.024632e-01	1.551621e+01	1.545405e+00	1.630211e+00
6.959118e+02	1.083809e+02	6.173562e-01	1.536357e+01	1.556478e+00	1.643546e+00
7.159721e+02	1.143823e+02	6.325580e-01	1.520769e+01	1.567262e+00	1.656573e+00
7.366107e+02	1.206878e+02	6.480743e-01	1.505911e+01	1.577733e+00	1.669261e+00
7.578442e+02	1.273094e+02	6.639109e-01	1.491009e+01	1.587876e+00	1.681589e+00
7.796898e+02	1.342595e+02	6.800736e-01	1.476653e+01	1.597674e+00	1.693534e+00
8.021651e+02	1.415508e+02	6.965689e-01	1.462867e+01	1.607113e+00	1.705076e+00
8.252882e+02	1.491972e+02	7.134027e-01	1.448824e+01	1.616179e+00	1.716194e+00
8.490779e+02	1.572128e+02	7.305817e-01	1.436020e+01	1.624865e+00	1.726876e+00
8.735534e+02	1.656129e+02	7.481123e-01	1.422418e+01	1.633155e+00	1.737100e+00
8.987344e+02	1.744135e+02	7.660009e-01	1.409287e+01	1.641044e+00	1.746857e+00
9.246413e+02	1.836312e+02	7.842537e-01	1.396483e+01	1.648530e+00	1.756139e+00
9.512949e+02	1.932841e+02	8.028771e-01	1.384080e+01	1.655602e+00	1.764931e+00
9.787169e+02	2.033906e+02	8.218772e-01	1.371363e+01	1.662261e+00	1.773229e+00
1.006929e+03	2.139704e+02	8.412602e-01	1.359291e+01	1.668500e+00	1.781023e+00
1.035955e+03	2.250432e+02	8.610320e-01	1.347421e+01	1.674323e+00	1.788313e+00
1.065817e+03	2.366310e+02	8.811989e-01	1.335783e+01	1.679726e+00	1.795091e+00
1.096541e+03	2.487556e+02	9.017657e-01	1.324440e+01	1.684711e+00	1.801357e+00
1.128149e+03	2.614397e+02	9.227388e-01	1.313466e+01	1.689283e+00	1.807112e+00
1.160669e+03	2.747067e+02	9.441227e-01	1.301804e+01	1.693437e+00	1.812349e+00
1.194127e+03	2.885812e+02	9.659235e-01	1.290929e+01	1.697181e+00	1.817074e+00
1.228549e+03	3.030884e+02	9.881466e-01	1.280088e+01	1.700518e+00	1.821288e+00
1.263963e+03	3.182550e+02	1.010797e+00	1.269564e+01	1.703454e+00	1.824994e+00
1.300398e+03	3.341071e+02	1.033880e+00	1.259347e+01	1.705990e+00	1.828194e+00
1.337883e+03	3.506731e+02	1.057401e+00	1.248878e+01	1.708135e+00	1.830892e+00
1.376449e+03	3.679817e+02	1.081364e+00	1.238809e+01	1.709894e+00	1.833096e+00
1.416126e+03	3.860635e+02	1.105776e+00	1.228720e+01	1.711274e+00	1.834808e+00
1.456947e+03	4.049482e+02	1.130640e+00	1.219033e+01	1.712281e+00	1.836038e+00
1.498945e+03	4.246693e+02	1.155963e+00	1.209341e+01	1.712924e+00	1.836791e+00
1.542153e+03	4.452595e+02	1.181749e+00	1.200080e+01	1.713209e+00	1.837074e+00
