# TOV sequence (stable branch only)
# Hadronic isentropic_trapped, 2fam_phi_xsd115 YL=0.35 S=1.5
# M_max = 1.7792 M_sun at e_c = 1416.13 MeV/fm^3
# Columns: e_c [MeV/fm^3], P_c [MeV/fm^3], n_Bc [fm^-3], R [km], M [M_sun], Mb [M_sun]

1.500000e+02	4.042949e+00	1.515564e-01	3.414345e+01	4.985706e-01	4.963789e-01
1.543239e+02	4.312529e+00	1.558233e-01	3.275757e+01	5.066261e-01	5.045756e-01
1.587724e+02	4.602310e+00	1.602071e-01	3.155869e+01	5.155016e-01	5.136238e-01
1.633492e+02	4.913721e+00	1.646997e-01	3.039575e+01	5.252174e-01	5.235473e-01
1.680579e+02	5.248445e+00	1.693187e-01	2.932635e+01	5.357839e-01	5.343609e-01
1.729023e+02	5.608339e+00	1.740657e-01	2.836959e+01	5.472265e-01	5.460940e-01
1.778864e+02	5.995337e+00	1.789357e-01	2.736591e+01	5.595418e-01	5.587478e-01
1.830141e+02	6.411398e+00	1.839318e-01	2.650261e+01	5.727350e-01	5.723327e-01
1.882897e+02	6.858720e+00	1.890627e-01	2.563811e+01	5.868305e-01	5.868782e-01
1.937173e+02	7.339653e+00	1.943304e-01	2.485837e+01	6.018052e-01	6.023668e-01
1.993014e+02	7.856676e+00	1.997373e-01	2.414874e+01	6.176753e-01	6.188210e-01
2.050464e+02	8.412403e+00	2.052851e-01	2.347096e+01	6.344679e-01	6.362737e-01
2.109571e+02	9.009597e+00	2.109772e-01	2.279966e+01	6.521329e-01	6.546817e-01
2.170381e+02	9.651118e+00	2.168147e-01	2.220648e+01	6.706846e-01	6.740659e-01
2.232945e+02	1.034001e+01	2.228030e-01	2.165069e+01	6.901065e-01	6.944162e-01
2.297311e+02	1.107942e+01	2.289452e-01	2.113985e+01	7.103856e-01	7.157270e-01
2.363534e+02	1.187262e+01	2.352441e-01	2.065815e+01	7.314985e-01	7.379812e-01
2.431665e+02	1.272294e+01	2.417028e-01	2.020600e+01	7.534082e-01	7.611489e-01
2.501760e+02	1.363381e+01	2.483245e-01	1.980723e+01	7.760904e-01	7.852115e-01
2.573875e+02	1.460862e+01	2.551121e-01	1.940261e+01	7.994929e-01	8.101229e-01
2.648070e+02	1.565081e+01	2.620689e-01	1.903797e+01	8.235755e-01	8.358480e-01
2.724403e+02	1.676379e+01	2.691989e-01	1.870161e+01	8.482708e-01	8.623232e-01
2.802936e+02	1.795087e+01	2.765052e-01	1.838389e+01	8.735173e-01	8.894903e-01
2.883733e+02	1.921527e+01	2.839907e-01	1.808975e+01	8.992482e-01	9.172843e-01
2.966860e+02	2.056007e+01	2.916580e-01	1.781753e+01	9.253803e-01	9.456222e-01
3.052382e+02	2.198827e+01	2.995099e-01	1.755925e+01	9.518325e-01	9.744225e-01
3.140370e+02	2.350299e+01	3.075564e-01	1.731815e+01	9.785194e-01	1.003597e+00
3.230894e+02	2.510726e+01	3.157943e-01	1.709207e+01	1.005365e+00	1.033066e+00
3.324028e+02	2.680416e+01	3.242272e-01	1.688815e+01	1.032281e+00	1.062738e+00
3.419846e+02	2.859706e+01	3.328636e-01	1.668934e+01	1.059197e+00	1.092538e+00
3.518426e+02	3.048975e+01	3.417035e-01	1.649220e+01	1.086033e+00	1.122378e+00
3.619848e+02	3.248617e+01	3.507510e-01	1.631960e+01	1.112741e+00	1.152204e+00
3.724194e+02	3.459104e+01	3.600134e-01	1.614685e+01	1.139257e+00	1.181948e+00
3.831547e+02	3.680951e+01	3.694898e-01	1.598635e+01	1.165539e+00	1.211559e+00
3.941995e+02	3.914744e+01	3.791880e-01	1.583769e+01	1.191544e+00	1.240991e+00
4.055627e+02	4.161130e+01	3.891092e-01	1.568842e+01	1.217247e+00	1.270212e+00
4.172534e+02	4.420826e+01	3.992588e-01	1.554786e+01	1.242610e+00	1.299176e+00
4.292811e+02	4.694615e+01	4.096409e-01	1.541399e+01	1.267623e+00	1.327870e+00
4.416556e+02	4.983330e+01	4.202575e-01	1.528422e+01	1.292267e+00	1.356270e+00
4.543867e+02	5.287871e+01	4.311135e-01	1.515859e+01	1.316525e+00	1.384355e+00
4.674848e+02	5.609167e+01	4.422124e-01	1.503668e+01	1.340372e+00	1.412090e+00
4.809605e+02	5.948181e+01	4.535574e-01	1.491774e+01	1.363797e+00	1.439460e+00
4.948247e+02	6.305894e+01	4.651516e-01	1.480168e+01	1.386781e+00	1.466443e+00
5.090884e+02	6.683289e+01	4.769987e-01	1.468810e+01	1.409303e+00	1.493002e+00
5.237634e+02	7.081333e+01	4.891022e-01	1.457730e+01	1.431346e+00	1.519120e+00
5.388614e+02	7.500958e+01	5.014650e-01	1.446826e+01	1.452882e+00	1.544757e+00
5.543946e+02	7.943042e+01	5.140903e-01	1.436198e+01	1.473881e+00	1.569868e+00
5.703755e+02	8.408390e+01	5.269816e-01	1.425703e+01	1.494323e+00	1.594429e+00
5.868171e+02	8.897716e+01	5.401428e-01	1.415396e+01	1.514161e+00	1.618375e+00
6.037327e+02	9.411626e+01	5.535774e-01	1.405264e+01	1.533381e+00	1.641681e+00
6.211358e+02	9.950599e+01	5.672891e-01	1.395300e+01	1.551936e+00	1.664284e+00
6.390407e+02	1.051496e+02	5.812820e-01	1.385518e+01	1.569801e+00	1.686147e+00
6.574616e+02	1.110487e+02	5.955608e-01	1.376241e+01	1.586943e+00	1.707218e+00
6.764136e+02	1.172035e+02	6.101297e-01	1.366493e+01	1.603335e+00	1.727454e+00
6.959118e+02	1.236120e+02	6.249962e-01	1.357419e+01	1.618949e+00	1.746815e+00
7.159721e+02	1.302705e+02	6.401604e-01	1.348468e+01	1.633760e+00	1.765259e+00
7.366107e+02	1.371738e+02	6.556385e-01	1.339325e+01	1.647749e+00	1.782747e+00
7.578442e+02	1.443145e+02	6.714304e-01	1.330684e+01	1.660903e+00	1.799261e+00
7.796898e+02	1.516844e+02	6.875421e-01	1.322327e+01	1.673214e+00	1.814777e+00
8.021651e+02	1.592746e+02	7.039841e-01	1.314352e+01	1.684675e+00	1.829273e+00
8.252882e+02	1.670773e+02	7.207636e-01	1.305964e+01	1.695302e+00	1.842765e+00
8.490779e+02	1.750877e+02	7.378862e-01	1.298163e+01	1.705100e+00	1.855245e+00
8.735534e+02	1.833070e+02	7.553658e-01	1.290581e+01	1.714100e+00	1.866748e+00
8.987344e+02	1.917460e+02	7.732087e-01	1.283129e+01	1.722337e+00	1.877308e+00
9.246413e+02	2.004288e+02	7.914248e-01	1.275836e+01	1.729854e+00	1.886973e+00
9.512949e+02	2.093946e+02	8.100179e-01	1.268955e+01	1.736702e+00	1.895800e+00
9.787169e+02	2.186984e+02	8.290007e-01	1.261642e+01	1.742933e+00	1.903857e+00
1.006929e+03	2.284067e+02	8.483801e-01	1.254610e+01	1.748596e+00	1.911194e+00
1.035955e+03	2.385911e+02	8.681606e-01	1.247600e+01	1.753726e+00	1.917857e+00
1.065817e+03	2.493204e+02	8.883486e-01	1.240332e+01	1.758356e+00	1.923882e+00
1.096541e+03	2.606544e+02	9.089509e-01	1.233146e+01	1.762497e+00	1.929281e+00
1.128149e+03	2.726400e+02	9.299696e-01	1.226088e+01	1.766167e+00	1.934073e+00
1.160669e+03	2.853105e+02	9.514044e-01	1.218573e+01	1.769363e+00	1.938251e+00
1.194127e+03	2.986879e+02	9.732662e-01	1.211139e+01	1.772094e+00	1.941823e+00
1.228549e+03	3.127862e+02	9.955571e-01	1.203726e+01	1.774367e+00	1.944797e+00
1.263963e+03	3.276153e+02	1.018278e+00	1.196185e+01	1.776186e+00	1.947172e+00
1.300398e+03	3.431848e+02	1.041438e+00	1.188696e+01	1.777567e+00	1.948966e+00
1.337883e+03	3.595070e+02	1.065038e+00	1.181077e+01	1.778516e+00	1.950186e+00
1.376449e+03	3.765964e+02	1.089083e+00	1.173534e+01	1.779052e+00	1.950855e+00
1.416126e+03	3.944730e+02	1.113581e+00	1.165931e+01	1.779185e+00	1.950984e+00
