# TOV sequence (stable branch only)
# Hadronic isentropic_trapped, 2fam_phi_xsd115 YL=0.25 S=3.0
# M_max = 1.7317 M_sun at e_c = 1456.95 MeV/fm^3
# Columns: e_c [MeV/fm^3], P_c [MeV/fm^3], n_Bc [fm^-3], R [km], M [M_sun], Mb [M_sun]

1.500000e+02	6.497314e+00	1.487625e-01	2.934705e+01	9.465485e-01	9.539759e-01
1.543239e+02	6.834062e+00	1.528895e-01	2.896926e+01	9.569971e-01	9.649837e-01
1.587724e+02	7.188031e+00	1.571262e-01	2.851577e+01	9.675475e-01	9.761192e-01
1.633492e+02	7.560223e+00	1.614771e-01	2.811849e+01	9.782558e-01	9.874372e-01
1.680579e+02	7.951664e+00	1.659435e-01	2.773699e+01	9.890474e-01	9.988662e-01
1.729023e+02	8.363405e+00	1.705279e-01	2.735048e+01	9.999726e-01	1.010453e+00
1.778864e+02	8.796647e+00	1.752346e-01	2.700565e+01	1.010995e+00	1.022167e+00
1.830141e+02	9.252660e+00	1.800667e-01	2.663825e+01	1.022110e+00	1.033999e+00
1.882897e+02	9.732773e+00	1.850253e-01	2.627786e+01	1.033346e+00	1.045982e+00
1.937173e+02	1.023841e+01	1.901133e-01	2.594100e+01	1.044668e+00	1.058080e+00
1.993014e+02	1.077112e+01	1.953354e-01	2.560201e+01	1.056096e+00	1.070314e+00
2.050464e+02	1.133252e+01	2.006946e-01	2.529492e+01	1.067624e+00	1.082677e+00
2.109571e+02	1.192434e+01	2.061939e-01	2.498395e+01	1.079243e+00	1.095164e+00
2.170381e+02	1.254845e+01	2.118363e-01	2.464574e+01	1.090959e+00	1.107779e+00
2.232945e+02	1.320679e+01	2.176246e-01	2.433932e+01	1.102770e+00	1.120523e+00
2.297311e+02	1.390142e+01	2.235620e-01	2.407069e+01	1.114679e+00	1.133398e+00
2.363534e+02	1.463454e+01	2.296522e-01	2.376309e+01	1.126687e+00	1.146406e+00
2.431665e+02	1.540848e+01	2.358985e-01	2.346423e+01	1.138783e+00	1.159539e+00
2.501760e+02	1.622566e+01	2.423045e-01	2.318170e+01	1.150973e+00	1.172802e+00
2.573875e+02	1.708868e+01	2.488739e-01	2.290975e+01	1.163256e+00	1.186194e+00
2.648070e+02	1.800027e+01	2.556105e-01	2.263678e+01	1.175620e+00	1.199707e+00
2.724403e+02	1.896332e+01	2.625172e-01	2.236801e+01	1.188089e+00	1.213363e+00
2.802936e+02	1.998085e+01	2.695975e-01	2.211032e+01	1.200636e+00	1.227136e+00
2.883733e+02	2.105604e+01	2.768561e-01	2.185010e+01	1.213268e+00	1.241035e+00
2.966860e+02	2.219227e+01	2.842973e-01	2.159526e+01	1.225979e+00	1.255055e+00
3.052382e+02	2.339307e+01	2.919250e-01	2.135273e+01	1.238766e+00	1.269189e+00
3.140370e+02	2.466214e+01	2.997412e-01	2.110231e+01	1.251616e+00	1.283431e+00
3.230894e+02	2.600343e+01	3.077502e-01	2.086109e+01	1.264533e+00	1.297780e+00
3.324028e+02	2.742108e+01	3.159575e-01	2.063983e+01	1.277515e+00	1.312238e+00
3.419846e+02	2.891936e+01	3.243672e-01	2.039039e+01	1.290541e+00	1.326781e+00
3.518426e+02	3.050286e+01	3.329811e-01	2.017308e+01	1.303609e+00	1.341411e+00
3.619848e+02	3.217639e+01	3.418058e-01	1.994991e+01	1.316718e+00	1.356124e+00
3.724194e+02	3.394494e+01	3.508438e-01	1.971330e+01	1.329848e+00	1.370901e+00
3.831547e+02	3.581384e+01	3.600995e-01	1.950826e+01	1.342996e+00	1.385736e+00
3.941995e+02	3.778861e+01	3.695781e-01	1.928328e+01	1.356151e+00	1.400622e+00
4.055627e+02	3.987513e+01	3.792817e-01	1.907114e+01	1.369297e+00	1.415538e+00
4.172534e+02	4.207944e+01	3.892160e-01	1.886041e+01	1.382426e+00	1.430478e+00
4.292811e+02	4.440799e+01	3.993844e-01	1.865686e+01	1.395523e+00	1.445425e+00
4.416556e+02	4.686747e+01	4.097907e-01	1.845645e+01	1.408578e+00	1.460369e+00
4.543867e+02	4.946484e+01	4.204398e-01	1.826279e+01	1.421576e+00	1.475288e+00
4.674848e+02	5.220747e+01	4.313346e-01	1.806103e+01	1.434501e+00	1.490169e+00
4.809605e+02	5.510291e+01	4.424791e-01	1.786825e+01	1.447344e+00	1.505003e+00
4.948247e+02	5.815905e+01	4.538771e-01	1.768073e+01	1.460085e+00	1.519762e+00
5.090884e+02	6.138407e+01	4.655329e-01	1.749303e+01	1.472706e+00	1.534429e+00
5.237634e+02	6.478648e+01	4.774501e-01	1.731514e+01	1.485199e+00	1.548990e+00
5.388614e+02	6.837494e+01	4.896322e-01	1.712816e+01	1.497536e+00	1.563416e+00
5.543946e+02	7.215847e+01	5.020829e-01	1.695117e+01	1.509706e+00	1.577693e+00
5.703755e+02	7.614618e+01	5.148060e-01	1.677702e+01	1.521691e+00	1.591798e+00
5.868171e+02	8.034754e+01	5.278057e-01	1.660738e+01	1.533475e+00	1.605707e+00
6.037327e+02	8.477213e+01	5.410857e-01	1.644543e+01	1.545037e+00	1.619401e+00
6.211358e+02	8.942969e+01	5.546503e-01	1.627166e+01	1.556360e+00	1.632853e+00
6.390407e+02	9.433022e+01	5.685039e-01	1.610881e+01	1.567425e+00	1.646041e+00
6.574616e+02	9.948385e+01	5.826507e-01	1.595713e+01	1.578216e+00	1.658945e+00
6.764136e+02	1.049010e+02	5.970955e-01	1.579211e+01	1.588717e+00	1.671539e+00
6.959118e+02	1.105922e+02	6.118433e-01	1.564376e+01	1.598911e+00	1.683805e+00
7.159721e+02	1.165686e+02	6.268993e-01	1.549190e+01	1.608785e+00	1.695721e+00
7.366107e+02	1.228413e+02	6.422691e-01	1.534320e+01	1.618320e+00	1.707266e+00
7.578442e+02	1.294223e+02	6.579579e-01	1.519794e+01	1.627506e+00	1.718420e+00
7.796898e+02	1.363237e+02	6.739721e-01	1.505359e+01	1.636334e+00	1.729172e+00
8.021651e+02	1.435586e+02	6.903173e-01	1.490537e+01	1.644790e+00	1.739501e+00
8.252882e+02	1.511407e+02	7.069995e-01	1.477439e+01	1.652867e+00	1.749396e+00
8.490779e+02	1.590844e+02	7.240252e-01	1.463233e+01	1.660560e+00	1.758846e+00
8.735534e+02	1.674050e+02	7.414005e-01	1.450537e+01	1.667862e+00	1.767841e+00
8.987344e+02	1.761189e+02	7.591316e-01	1.436541e+01	1.674766e+00	1.776368e+00
9.246413e+02	1.852432e+02	7.772247e-01	1.424040e+01	1.681272e+00	1.784424e+00
9.512949e+02	1.947961e+02	7.956860e-01	1.411044e+01	1.687377e+00	1.792002e+00
9.787169e+02	2.047965e+02	8.145215e-01	1.398606e+01	1.693078e+00	1.799096e+00
1.006929e+03	2.152642e+02	8.337373e-01	1.386658e+01	1.698378e+00	1.805705e+00
1.035955e+03	2.262207e+02	8.533399e-01	1.374299e+01	1.703276e+00	1.811826e+00
1.065817e+03	2.376868e+02	8.733336e-01	1.362446e+01	1.707773e+00	1.817457e+00
1.096541e+03	2.496850e+02	8.937249e-01	1.350598e+01	1.711871e+00	1.822596e+00
1.128149e+03	2.622389e+02	9.145198e-01	1.339302e+01	1.715573e+00	1.827245e+00
1.160669e+03	2.753722e+02	9.357236e-01	1.328474e+01	1.718880e+00	1.831405e+00
1.194127e+03	2.891090e+02	9.573411e-01	1.317261e+01	1.721798e+00	1.835076e+00
1.228549e+03	3.034747e+02	9.793775e-01	1.306347e+01	1.724331e+00	1.838262e+00
1.263963e+03	3.184958e+02	1.001839e+00	1.295512e+01	1.726483e+00	1.840965e+00
1.300398e+03	3.341989e+02	1.024731e+00	1.284091e+01	1.728259e+00	1.843190e+00
1.337883e+03	3.506119e+02	1.048057e+00	1.273576e+01	1.729665e+00	1.844942e+00
1.376449e+03	3.677629e+02	1.071824e+00	1.263300e+01	1.730709e+00	1.846228e+00
1.416126e+03	3.856822e+02	1.096037e+00	1.253280e+01	1.731393e+00	1.847049e+00
1.456947e+03	4.043999e+02	1.120700e+00	1.242946e+01	1.731728e+00	1.847414e+00
