# TOV sequence (stable branch only)
# Hadronic isentropic_trapped, 2fam_phi_xsd115 YL=0.25 S=2.5
# M_max = 1.7327 M_sun at e_c = 1542.16 MeV/fm^3
# Columns: e_c [MeV/fm^3], P_c [MeV/fm^3], n_Bc [fm^-3], R [km], M [M_sun], Mb [M_sun]

1.500000e+02	5.465612e+00	1.503203e-01	2.744286e+01	7.141833e-01	7.171463e-01
1.543239e+02	5.784224e+00	1.544971e-01	2.691511e+01	7.260760e-01	7.294882e-01
1.587724e+02	6.121552e+00	1.587828e-01	2.643096e+01	7.383285e-01	7.422236e-01
1.633492e+02	6.478543e+00	1.631833e-01	2.595269e+01	7.509106e-01	7.553232e-01
1.680579e+02	6.856336e+00	1.677017e-01	2.547306e+01	7.638238e-01	7.687901e-01
1.729023e+02	7.256046e+00	1.723398e-01	2.503934e+01	7.770620e-01	7.826196e-01
1.778864e+02	7.678744e+00	1.771001e-01	2.464262e+01	7.906053e-01	7.967931e-01
1.830141e+02	8.125714e+00	1.819864e-01	2.423390e+01	8.044382e-01	8.112966e-01
1.882897e+02	8.598289e+00	1.870017e-01	2.382222e+01	8.185522e-01	8.261218e-01
1.937173e+02	9.097848e+00	1.921491e-01	2.344577e+01	8.329287e-01	8.412529e-01
1.993014e+02	9.625839e+00	1.974313e-01	2.308693e+01	8.475754e-01	8.566967e-01
2.050464e+02	1.018381e+01	2.028515e-01	2.276500e+01	8.624492e-01	8.724131e-01
2.109571e+02	1.077345e+01	2.084133e-01	2.242420e+01	8.775534e-01	8.884059e-01
2.170381e+02	1.139652e+01	2.141199e-01	2.209434e+01	8.928746e-01	9.046620e-01
2.232945e+02	1.205492e+01	2.199746e-01	2.179331e+01	9.084110e-01	9.211811e-01
2.297311e+02	1.275066e+01	2.259810e-01	2.149342e+01	9.241289e-01	9.379311e-01
2.363534e+02	1.348587e+01	2.321425e-01	2.120765e+01	9.400338e-01	9.549180e-01
2.431665e+02	1.426286e+01	2.384625e-01	2.093295e+01	9.561021e-01	9.721192e-01
2.501760e+02	1.508403e+01	2.449447e-01	2.066543e+01	9.723307e-01	9.895321e-01
2.573875e+02	1.595197e+01	2.515927e-01	2.041181e+01	9.887065e-01	1.007146e+00
2.648070e+02	1.686942e+01	2.584102e-01	2.017472e+01	1.005222e+00	1.024952e+00
2.724403e+02	1.783930e+01	2.654010e-01	1.992682e+01	1.021859e+00	1.042936e+00
2.802936e+02	1.886469e+01	2.725690e-01	1.969172e+01	1.038617e+00	1.061094e+00
2.883733e+02	1.994890e+01	2.799179e-01	1.945977e+01	1.055483e+00	1.079418e+00
2.966860e+02	2.109538e+01	2.874509e-01	1.923890e+01	1.072437e+00	1.097887e+00
3.052382e+02	2.230788e+01	2.951722e-01	1.903126e+01	1.089482e+00	1.116504e+00
3.140370e+02	2.359033e+01	3.030866e-01	1.882752e+01	1.106600e+00	1.135252e+00
3.230894e+02	2.494687e+01	3.111982e-01	1.861902e+01	1.123779e+00	1.154120e+00
3.324028e+02	2.638188e+01	3.195092e-01	1.842410e+01	1.141023e+00	1.173113e+00
3.419846e+02	2.790011e+01	3.280250e-01	1.821972e+01	1.158300e+00	1.192199e+00
3.518426e+02	2.950646e+01	3.367503e-01	1.803159e+01	1.175614e+00	1.211382e+00
3.619848e+02	3.120616e+01	3.456874e-01	1.785756e+01	1.192944e+00	1.230640e+00
3.724194e+02	3.300479e+01	3.548424e-01	1.766596e+01	1.210286e+00	1.249971e+00
3.831547e+02	3.490813e+01	3.642180e-01	1.748826e+01	1.227624e+00	1.269356e+00
3.941995e+02	3.692243e+01	3.738195e-01	1.732410e+01	1.244945e+00	1.288785e+00
4.055627e+02	3.905408e+01	3.836497e-01	1.714625e+01	1.262234e+00	1.308241e+00
4.172534e+02	4.130999e+01	3.937147e-01	1.698535e+01	1.279479e+00	1.327711e+00
4.292811e+02	4.369728e+01	4.040168e-01	1.681524e+01	1.296669e+00	1.347184e+00
4.416556e+02	4.622341e+01	4.145616e-01	1.665307e+01	1.313781e+00	1.366636e+00
4.543867e+02	4.889628e+01	4.253537e-01	1.650083e+01	1.330807e+00	1.386055e+00
4.674848e+02	5.172398e+01	4.363955e-01	1.633950e+01	1.347726e+00	1.405421e+00
4.809605e+02	5.471496e+01	4.476925e-01	1.618704e+01	1.364518e+00	1.424708e+00
4.948247e+02	5.787791e+01	4.592491e-01	1.604134e+01	1.381167e+00	1.443902e+00
5.090884e+02	6.122182e+01	4.710696e-01	1.588727e+01	1.397654e+00	1.462976e+00
5.237634e+02	6.475580e+01	4.831577e-01	1.574487e+01	1.413954e+00	1.481907e+00
5.388614e+02	6.848919e+01	4.955182e-01	1.559766e+01	1.430049e+00	1.500669e+00
5.543946e+02	7.243134e+01	5.081553e-01	1.546357e+01	1.445916e+00	1.519234e+00
5.703755e+02	7.659170e+01	5.210729e-01	1.532116e+01	1.461527e+00	1.537571e+00
5.868171e+02	8.097969e+01	5.342758e-01	1.518627e+01	1.476859e+00	1.555650e+00
6.037327e+02	8.560458e+01	5.477684e-01	1.504696e+01	1.491889e+00	1.573442e+00
6.211358e+02	9.047552e+01	5.615549e-01	1.491760e+01	1.506591e+00	1.590913e+00
6.390407e+02	9.560156e+01	5.756398e-01	1.478395e+01	1.520938e+00	1.608031e+00
6.574616e+02	1.009914e+02	5.900275e-01	1.465534e+01	1.534905e+00	1.624762e+00
6.764136e+02	1.066539e+02	6.047228e-01	1.453135e+01	1.548471e+00	1.641076e+00
6.959118e+02	1.125973e+02	6.197297e-01	1.440615e+01	1.561610e+00	1.656942e+00
7.159721e+02	1.188302e+02	6.350542e-01	1.428365e+01	1.574304e+00	1.672330e+00
7.366107e+02	1.253612e+02	6.506997e-01	1.416951e+01	1.586531e+00	1.687212e+00
7.578442e+02	1.321991e+02	6.666720e-01	1.405214e+01	1.598277e+00	1.701563e+00
7.796898e+02	1.393534e+02	6.829758e-01	1.393243e+01	1.609529e+00	1.715367e+00
8.021651e+02	1.468342e+02	6.996164e-01	1.382191e+01	1.620277e+00	1.728603e+00
8.252882e+02	1.546525e+02	7.165978e-01	1.371095e+01	1.630511e+00	1.741255e+00
8.490779e+02	1.628208e+02	7.339260e-01	1.360373e+01	1.640229e+00	1.753317e+00
8.735534e+02	1.713527e+02	7.516075e-01	1.349394e+01	1.649428e+00	1.764778e+00
8.987344e+02	1.802638e+02	7.696458e-01	1.338854e+01	1.658109e+00	1.775634e+00
9.246413e+02	1.895709e+02	7.880464e-01	1.328304e+01	1.666276e+00	1.785886e+00
9.512949e+02	1.992926e+02	8.068147e-01	1.318329e+01	1.673931e+00	1.795531e+00
9.787169e+02	2.094490e+02	8.259560e-01	1.307996e+01	1.681082e+00	1.804574e+00
1.006929e+03	2.200616e+02	8.454752e-01	1.298194e+01	1.687734e+00	1.813016e+00
1.035955e+03	2.311524e+02	8.653771e-01	1.288467e+01	1.693893e+00	1.820860e+00
1.065817e+03	2.427446e+02	8.856666e-01	1.278678e+01	1.699568e+00	1.828114e+00
1.096541e+03	2.548625e+02	9.063490e-01	1.269434e+01	1.704764e+00	1.834778e+00
1.128149e+03	2.675295e+02	9.274282e-01	1.259742e+01	1.709488e+00	1.840857e+00
1.160669e+03	2.807709e+02	9.489098e-01	1.250409e+01	1.713750e+00	1.846359e+00
1.194127e+03	2.946105e+02	9.707966e-01	1.241265e+01	1.717554e+00	1.851287e+00
1.228549e+03	3.090739e+02	9.930938e-01	1.232150e+01	1.720912e+00	1.855649e+00
1.263963e+03	3.241865e+02	1.015805e+00	1.223050e+01	1.723829e+00	1.859450e+00
1.300398e+03	3.399739e+02	1.038934e+00	1.214218e+01	1.726316e+00	1.862700e+00
1.337883e+03	3.564615e+02	1.062484e+00	1.205675e+01	1.728380e+00	1.865405e+00
1.376449e+03	3.736769e+02	1.086458e+00	1.196686e+01	1.730030e+00	1.867572e+00
1.416126e+03	3.916468e+02	1.110858e+00	1.188094e+01	1.731278e+00	1.869212e+00
1.456947e+03	4.103991e+02	1.135687e+00	1.180085e+01	1.732133e+00	1.870335e+00
1.498945e+03	4.299610e+02	1.160946e+00	1.171219e+01	1.732603e+00	1.870949e+00
1.542153e+03	4.503617e+02	1.186636e+00	1.162880e+01	1.732700e+00	1.871066e+00
