# TOV sequence (stable branch only)
# Hadronic isentropic_trapped, 2fam_phi_xsd115 YL=0.40 S=2.5
# M_max = 1.7869 M_sun at e_c = 1300.40 MeV/fm^3
# Columns: e_c [MeV/fm^3], P_c [MeV/fm^3], n_Bc [fm^-3], R [km], M [M_sun], Mb [M_sun]

1.500000e+02	5.949922e+00	1.477188e-01	3.481354e+01	8.472399e-01	8.449402e-01
1.543239e+02	6.297567e+00	1.518142e-01	3.396200e+01	8.574354e-01	8.554256e-01
1.587724e+02	6.667050e+00	1.560245e-01	3.313896e+01	8.681743e-01	8.664918e-01
1.633492e+02	7.059817e+00	1.603482e-01	3.235070e+01	8.794473e-01	8.781317e-01
1.680579e+02	7.477116e+00	1.647799e-01	3.161313e+01	8.912324e-01	8.903256e-01
1.729023e+02	7.920373e+00	1.693316e-01	3.088692e+01	9.035357e-01	9.030823e-01
1.778864e+02	8.391161e+00	1.740050e-01	3.018992e+01	9.163709e-01	9.164178e-01
1.830141e+02	8.891047e+00	1.787985e-01	2.952661e+01	9.296853e-01	9.302824e-01
1.882897e+02	9.421527e+00	1.837158e-01	2.889334e+01	9.435139e-01	9.447130e-01
1.937173e+02	9.984299e+00	1.887620e-01	2.827645e+01	9.577820e-01	9.596373e-01
1.993014e+02	1.058112e+01	1.939395e-01	2.769229e+01	9.725192e-01	9.750870e-01
2.050464e+02	1.121380e+01	1.992509e-01	2.711902e+01	9.876826e-01	9.910214e-01
2.109571e+02	1.188418e+01	2.046984e-01	2.658974e+01	1.003267e+00	1.007437e+00
2.170381e+02	1.259417e+01	2.102851e-01	2.606136e+01	1.019240e+00	1.024304e+00
2.232945e+02	1.334575e+01	2.160146e-01	2.556556e+01	1.035552e+00	1.041573e+00
2.297311e+02	1.414100e+01	2.218899e-01	2.509711e+01	1.052205e+00	1.059248e+00
2.363534e+02	1.498214e+01	2.279143e-01	2.465593e+01	1.069161e+00	1.077291e+00
2.431665e+02	1.587141e+01	2.340907e-01	2.421486e+01	1.086381e+00	1.095665e+00
2.501760e+02	1.681121e+01	2.404226e-01	2.379908e+01	1.103854e+00	1.114359e+00
2.573875e+02	1.780403e+01	2.469133e-01	2.340622e+01	1.121543e+00	1.133336e+00
2.648070e+02	1.885251e+01	2.535661e-01	2.302681e+01	1.139391e+00	1.152540e+00
2.724403e+02	1.995941e+01	2.603843e-01	2.267268e+01	1.157406e+00	1.171978e+00
2.802936e+02	2.112767e+01	2.673717e-01	2.231636e+01	1.175542e+00	1.191603e+00
2.883733e+02	2.236035e+01	2.745317e-01	2.198672e+01	1.193765e+00	1.211381e+00
2.966860e+02	2.366076e+01	2.818683e-01	2.166501e+01	1.212046e+00	1.231282e+00
3.052382e+02	2.503235e+01	2.893849e-01	2.135848e+01	1.230384e+00	1.251306e+00
3.140370e+02	2.647873e+01	2.970847e-01	2.106909e+01	1.248718e+00	1.271388e+00
3.230894e+02	2.800376e+01	3.049717e-01	2.077595e+01	1.267032e+00	1.291510e+00
3.324028e+02	2.961149e+01	3.130497e-01	2.050089e+01	1.285317e+00	1.311665e+00
3.419846e+02	3.130628e+01	3.213231e-01	2.025364e+01	1.303539e+00	1.331812e+00
3.518426e+02	3.309259e+01	3.297948e-01	1.999694e+01	1.321666e+00	1.351922e+00
3.619848e+02	3.497519e+01	3.384691e-01	1.973119e+01	1.339688e+00	1.371980e+00
3.724194e+02	3.695910e+01	3.473502e-01	1.950424e+01	1.357580e+00	1.391958e+00
3.831547e+02	3.904956e+01	3.564413e-01	1.927293e+01	1.375320e+00	1.411835e+00
3.941995e+02	4.125205e+01	3.657470e-01	1.903585e+01	1.392886e+00	1.431583e+00
4.055627e+02	4.357233e+01	3.752709e-01	1.882126e+01	1.410267e+00	1.451187e+00
4.172534e+02	4.601640e+01	3.850171e-01	1.861560e+01	1.427432e+00	1.470617e+00
4.292811e+02	4.859043e+01	3.949893e-01	1.840934e+01	1.444369e+00	1.489856e+00
4.416556e+02	5.130094e+01	4.051919e-01	1.820241e+01	1.461056e+00	1.508877e+00
4.543867e+02	5.415452e+01	4.156284e-01	1.801461e+01	1.477479e+00	1.527661e+00
4.674848e+02	5.715807e+01	4.263030e-01	1.782127e+01	1.493625e+00	1.546194e+00
4.809605e+02	6.031866e+01	4.372197e-01	1.763062e+01	1.509461e+00	1.564435e+00
4.948247e+02	6.364342e+01	4.483823e-01	1.745199e+01	1.524981e+00	1.582379e+00
5.090884e+02	6.713967e+01	4.597947e-01	1.726942e+01	1.540164e+00	1.599994e+00
5.237634e+02	7.081483e+01	4.714612e-01	1.709628e+01	1.554986e+00	1.617250e+00
5.388614e+02	7.467636e+01	4.833854e-01	1.692770e+01	1.569440e+00	1.634140e+00
5.543946e+02	7.873167e+01	4.955716e-01	1.676582e+01	1.583511e+00	1.650642e+00
5.703755e+02	8.298826e+01	5.080240e-01	1.660174e+01	1.597172e+00	1.666720e+00
5.868171e+02	8.745343e+01	5.207467e-01	1.644315e+01	1.610411e+00	1.682358e+00
6.037327e+02	9.213449e+01	5.337441e-01	1.629854e+01	1.623212e+00	1.697532e+00
6.211358e+02	9.703857e+01	5.470208e-01	1.613727e+01	1.635560e+00	1.712221e+00
6.390407e+02	1.021727e+02	5.605808e-01	1.599382e+01	1.647447e+00	1.726412e+00
6.574616e+02	1.075436e+02	5.744289e-01	1.584397e+01	1.658854e+00	1.740077e+00
6.764136e+02	1.131584e+02	5.885709e-01	1.570074e+01	1.669775e+00	1.753203e+00
6.959118e+02	1.190234e+02	6.030100e-01	1.556605e+01	1.680195e+00	1.765772e+00
7.159721e+02	1.251458e+02	6.177542e-01	1.542815e+01	1.690111e+00	1.777772e+00
7.366107e+02	1.315324e+02	6.328065e-01	1.529366e+01	1.699517e+00	1.789192e+00
7.578442e+02	1.381907e+02	6.481746e-01	1.516723e+01	1.708405e+00	1.800019e+00
7.796898e+02	1.451290e+02	6.638635e-01	1.503969e+01	1.716779e+00	1.810252e+00
8.021651e+02	1.523561e+02	6.798791e-01	1.491773e+01	1.724638e+00	1.819885e+00
8.252882e+02	1.598826e+02	6.962281e-01	1.479510e+01	1.731985e+00	1.828918e+00
8.490779e+02	1.677204e+02	7.129159e-01	1.466919e+01	1.738823e+00	1.837349e+00
8.735534e+02	1.758838e+02	7.299502e-01	1.455046e+01	1.745165e+00	1.845191e+00
8.987344e+02	1.843888e+02	7.473361e-01	1.444084e+01	1.751014e+00	1.852445e+00
9.246413e+02	1.932546e+02	7.650817e-01	1.432222e+01	1.756383e+00	1.859120e+00
9.512949e+02	2.025023e+02	7.831921e-01	1.421137e+01	1.761282e+00	1.865224e+00
9.787169e+02	2.121559e+02	8.016741e-01	1.410652e+01	1.765724e+00	1.870772e+00
1.006929e+03	2.222412e+02	8.205334e-01	1.399304e+01	1.769713e+00	1.875767e+00
1.035955e+03	2.327859e+02	8.397769e-01	1.389102e+01	1.773264e+00	1.880221e+00
1.065817e+03	2.438188e+02	8.594093e-01	1.377858e+01	1.776384e+00	1.884142e+00
1.096541e+03	2.553689e+02	8.794371e-01	1.367302e+01	1.779084e+00	1.887540e+00
1.128149e+03	2.674658e+02	8.998664e-01	1.356928e+01	1.781374e+00	1.890423e+00
1.160669e+03	2.801387e+02	9.207014e-01	1.346522e+01	1.783256e+00	1.892795e+00
1.194127e+03	2.934155e+02	9.419475e-01	1.336284e+01	1.784745e+00	1.894669e+00
1.228549e+03	3.073248e+02	9.636106e-01	1.326102e+01	1.785843e+00	1.896045e+00
1.263963e+03	3.218934e+02	9.856957e-01	1.316118e+01	1.786563e+00	1.896937e+00
1.300398e+03	3.371485e+02	1.008207e+00	1.306148e+01	1.786912e+00	1.897352e+00
