# SFHo EOS Table: 2famphi, nucleons_hyperons_deltas
# Equilibrium: beta_eq
# Components: photons
#            n_B              T          sigma          omega            rho            phi           mu_B           mu_C           mu_S           mu_e          mu_nu        P_total        e_total        s_total            Y_C            Y_S            Y_L      converged
  1.583000e-02              0   3.937703e+00   1.789439e+00  -1.002092e+00   0.000000e+00   9.435074e+02  -2.311432e+01   0.000000e+00   2.311432e+01   0.000000e+00   1.682013e-02   1.491850e+01   0.000000e+00   3.426356e-03   0.000000e+00   0.000000e+00              1
  2.213023e-02              0   5.389666e+00   2.497836e+00  -1.408794e+00   0.000000e+00   9.441991e+02  -3.003346e+01   0.000000e+00   3.003346e+01   0.000000e+00   2.999730e-02   2.086381e+01   0.000000e+00   5.378500e-03   0.000000e+00   0.000000e+00              1
  2.843047e-02              0   6.788718e+00   3.202488e+00  -1.813728e+00   0.000000e+00   9.449988e+02  -3.664179e+01   0.000000e+00   3.664179e+01   0.000000e+00   5.027416e-02   2.681229e+01   0.000000e+00   7.603955e-03   0.000000e+00   0.000000e+00              1
  3.473070e-02              0   8.141126e+00   3.902491e+00  -2.213145e+00   0.000000e+00   9.459114e+02  -4.298570e+01   0.000000e+00   4.298570e+01   0.000000e+00   7.915095e-02   3.276375e+01   0.000000e+00   1.005046e-02   0.000000e+00   0.000000e+00              1
  4.103094e-02              0   9.452159e+00   4.597120e+00  -2.603700e+00   0.000000e+00   9.469200e+02  -4.908250e+01   0.000000e+00   4.908250e+01   0.000000e+00   1.174009e-01   3.871782e+01   0.000000e+00   1.266536e-02   0.000000e+00   0.000000e+00              1
  4.733117e-02              0   1.072629e+01   5.285863e+00  -2.982511e+00   0.000000e+00   9.480017e+02  -5.493813e+01   0.000000e+00   5.493813e+01   0.000000e+00   1.652239e-01   4.467395e+01   0.000000e+00   1.539706e-02   0.000000e+00   0.000000e+00              1
  5.363140e-02              0   1.196731e+01   5.968428e+00  -3.347177e+00   0.000000e+00   9.491342e+02  -6.055445e+01   0.000000e+00   6.055445e+01   0.000000e+00   2.224184e-01   5.063144e+01   0.000000e+00   1.819668e-02   0.000000e+00   0.000000e+00              1
  5.993164e-02              0   1.317847e+01   6.644742e+00  -3.695772e+00   0.000000e+00   9.502986e+02  -6.593249e+01   0.000000e+00   6.593249e+01   0.000000e+00   2.885437e-01   5.658954e+01   0.000000e+00   2.101952e-02   0.000000e+00   0.000000e+00              1
  6.623187e-02              0   1.436254e+01   7.314931e+00  -4.026817e+00   0.000000e+00   9.514797e+02  -7.107398e+01   0.000000e+00   7.107398e+01   0.000000e+00   3.630588e-01   6.254751e+01   0.000000e+00   2.382598e-02   0.000000e+00   0.000000e+00              1
  7.253211e-02              0   1.552186e+01   7.979291e+00  -4.339230e+00   0.000000e+00   9.526670e+02  -7.598186e+01   0.000000e+00   7.598186e+01   0.000000e+00   4.454333e-01   6.850468e+01   0.000000e+00   2.658212e-02   0.000000e+00   0.000000e+00              1
  7.883234e-02              0   1.665842e+01   8.638260e+00  -4.632282e+00   0.000000e+00   9.538535e+02  -8.066044e+01   0.000000e+00   8.066044e+01   0.000000e+00   5.352314e-01   7.446049e+01   0.000000e+00   2.925976e-02   0.000000e+00   0.000000e+00              1
  8.513258e-02              0   1.777389e+01   9.292383e+00  -4.905540e+00   0.000000e+00   9.550360e+02  -8.511524e+01   0.000000e+00   8.511524e+01   0.000000e+00   6.321704e-01   8.041451e+01   0.000000e+00   3.183628e-02   0.000000e+00   0.000000e+00              1
  9.143281e-02              0   1.886971e+01   9.942289e+00  -5.158822e+00   0.000000e+00   9.562139e+02  -8.935285e+01   0.000000e+00   8.935285e+01   0.000000e+00   7.361579e-01   8.636648e+01   0.000000e+00   3.429426e-02   0.000000e+00   0.000000e+00              1
  9.773304e-02              0   1.994707e+01   1.058865e+01  -5.392153e+00   0.000000e+00   9.573891e+02  -9.338065e+01   0.000000e+00   9.338065e+01   0.000000e+00   8.473128e-01   9.231634e+01   0.000000e+00   3.662092e-02   0.000000e+00   0.000000e+00              1
  1.040333e-01              0   2.100696e+01   1.123218e+01  -5.605723e+00   0.000000e+00   9.585653e+02  -9.720662e+01   0.000000e+00   9.720662e+01   0.000000e+00   9.659727e-01   9.826417e+01   0.000000e+00   3.880760e-02   0.000000e+00   0.000000e+00              1
  1.103335e-01              0   2.205024e+01   1.187359e+01  -5.799860e+00   0.000000e+00   9.597475e+02  -1.008392e+02   0.000000e+00   1.008392e+02   0.000000e+00   1.092691e+00   1.042102e+02   0.000000e+00   4.084918e-02   0.000000e+00   0.000000e+00              1
  1.166337e-01              0   2.307759e+01   1.251358e+01  -5.975000e+00   0.000000e+00   9.609418e+02  -1.042870e+02   0.000000e+00   1.042870e+02   0.000000e+00   1.228227e+00   1.101549e+02   0.000000e+00   4.274352e-02   0.000000e+00   0.000000e+00              1
  1.229340e-01              0   2.408962e+01   1.315284e+01  -6.131669e+00   0.000000e+00   9.621548e+02  -1.075589e+02   0.000000e+00   1.075589e+02   0.000000e+00   1.373533e+00   1.160988e+02   0.000000e+00   4.449099e-02   0.000000e+00   0.000000e+00              1
  1.292342e-01              0   2.508681e+01   1.379200e+01  -6.270461e+00   0.000000e+00   9.633935e+02  -1.106638e+02   0.000000e+00   1.106638e+02   0.000000e+00   1.529734e+00   1.220426e+02   0.000000e+00   4.609403e-02   0.000000e+00   0.000000e+00              1
  1.355344e-01              0   2.606957e+01   1.443168e+01  -6.392028e+00   0.000000e+00   9.646652e+02  -1.136105e+02   0.000000e+00   1.136105e+02   0.000000e+00   1.698105e+00   1.279870e+02   0.000000e+00   4.755669e-02   0.000000e+00   0.000000e+00              1
  1.418347e-01              0   2.703825e+01   1.507243e+01  -6.497066e+00   0.000000e+00   9.659770e+02  -1.164077e+02   0.000000e+00   1.164077e+02   0.000000e+00   1.880053e+00   1.339331e+02   0.000000e+00   4.888439e-02   0.000000e+00   0.000000e+00              1
  1.481349e-01              0   2.799315e+01   1.571474e+01  -6.586306e+00   0.000000e+00   9.673358e+02  -1.190643e+02   0.000000e+00   1.190643e+02   0.000000e+00   2.077092e+00   1.398817e+02   0.000000e+00   5.008350e-02   0.000000e+00   0.000000e+00              1
  1.544352e-01              0   2.893453e+01   1.635906e+01  -6.660504e+00   0.000000e+00   9.687484e+02  -1.215886e+02   0.000000e+00   1.215886e+02   0.000000e+00   2.290817e+00   1.458339e+02   0.000000e+00   5.116119e-02   0.000000e+00   0.000000e+00              1
  1.607354e-01              0   2.986261e+01   1.700577e+01  -6.720436e+00   0.000000e+00   9.702208e+02  -1.239890e+02   0.000000e+00   1.239890e+02   0.000000e+00   2.522886e+00   1.517908e+02   0.000000e+00   5.212510e-02   0.000000e+00   0.000000e+00              1
  1.670356e-01              0   3.077759e+01   1.765518e+01  -6.766888e+00   0.000000e+00   9.717589e+02  -1.262737e+02   0.000000e+00   1.262737e+02   0.000000e+00   2.774993e+00   1.577535e+02   0.000000e+00   5.298325e-02   0.000000e+00   0.000000e+00              1
  1.733359e-01              0   3.167966e+01   1.830757e+01  -6.800653e+00   0.000000e+00   9.733678e+02  -1.284505e+02   0.000000e+00   1.284505e+02   0.000000e+00   3.048850e+00   1.637232e+02   0.000000e+00   5.374378e-02   0.000000e+00   0.000000e+00              1
  1.796361e-01              0   3.256898e+01   1.896314e+01  -6.822523e+00   0.000000e+00   9.750523e+02  -1.305271e+02   0.000000e+00   1.305271e+02   0.000000e+00   3.346168e+00   1.697009e+02   0.000000e+00   5.441487e-02   0.000000e+00   0.000000e+00              1
  1.859363e-01              0   3.344572e+01   1.962204e+01  -6.833283e+00   0.000000e+00   9.768162e+02  -1.325107e+02   0.000000e+00   1.325107e+02   0.000000e+00   3.668636e+00   1.756879e+02   0.000000e+00   5.500459e-02   0.000000e+00   0.000000e+00              1
  1.922366e-01              0   3.431005e+01   2.028437e+01  -6.833706e+00   0.000000e+00   9.786631e+02  -1.344087e+02   0.000000e+00   1.344087e+02   0.000000e+00   4.017912e+00   1.816851e+02   0.000000e+00   5.552082e-02   0.000000e+00   0.000000e+00              1
  1.985368e-01              0   3.516213e+01   2.095019e+01  -6.824552e+00   0.000000e+00   9.805960e+02  -1.362275e+02   0.000000e+00   1.362275e+02   0.000000e+00   4.395604e+00   1.876938e+02   0.000000e+00   5.597114e-02   0.000000e+00   0.000000e+00              1
  2.048370e-01              0   3.600211e+01   2.161950e+01  -6.806557e+00   0.000000e+00   9.826170e+02  -1.379739e+02   0.000000e+00   1.379739e+02   0.000000e+00   4.803262e+00   1.937148e+02   0.000000e+00   5.636282e-02   0.000000e+00   0.000000e+00              1
  2.111373e-01              0   3.683016e+01   2.229229e+01  -6.780433e+00   0.000000e+00   9.847280e+02  -1.396537e+02   0.000000e+00   1.396537e+02   0.000000e+00   5.242370e+00   1.997493e+02   0.000000e+00   5.670270e-02   0.000000e+00   0.000000e+00              1
  2.174375e-01              0   3.764644e+01   2.296849e+01  -6.746864e+00   0.000000e+00   9.869303e+02  -1.412729e+02   0.000000e+00   1.412729e+02   0.000000e+00   5.714339e+00   2.057982e+02   0.000000e+00   5.699720e-02   0.000000e+00   0.000000e+00              1
  2.237377e-01              0   3.845113e+01   2.364801e+01  -6.706503e+00   0.000000e+00   9.892247e+02  -1.428369e+02   0.000000e+00   1.428369e+02   0.000000e+00   6.220506e+00   2.118623e+02   0.000000e+00   5.725229e-02   0.000000e+00   0.000000e+00              1
  2.300380e-01              0   3.924439e+01   2.433076e+01  -6.659971e+00   0.000000e+00   9.916116e+02  -1.443506e+02   0.000000e+00   1.443506e+02   0.000000e+00   6.762127e+00   2.179426e+02   0.000000e+00   5.747349e-02   0.000000e+00   0.000000e+00              1
  2.363382e-01              0   4.002640e+01   2.501659e+01  -6.607853e+00   0.000000e+00   9.940912e+02  -1.458188e+02   0.000000e+00   1.458188e+02   0.000000e+00   7.340384e+00   2.240398e+02   0.000000e+00   5.766582e-02   0.000000e+00   0.000000e+00              1
  2.426384e-01              0   4.079734e+01   2.570537e+01  -6.550698e+00   0.000000e+00   9.966631e+02  -1.472459e+02   0.000000e+00   1.472459e+02   0.000000e+00   7.956381e+00   2.301546e+02   0.000000e+00   5.783386e-02   0.000000e+00   0.000000e+00              1
  2.489387e-01              0   4.155738e+01   2.639696e+01  -6.489019e+00   0.000000e+00   9.993269e+02  -1.486360e+02   0.000000e+00   1.486360e+02   0.000000e+00   8.611149e+00   2.362878e+02   0.000000e+00   5.798173e-02   0.000000e+00   0.000000e+00              1
  2.552389e-01              0   4.230669e+01   2.709119e+01  -6.423292e+00   0.000000e+00   1.002082e+03  -1.499925e+02   0.000000e+00   1.499925e+02   0.000000e+00   9.305650e+00   2.424401e+02   0.000000e+00   5.811312e-02   0.000000e+00   0.000000e+00              1
  2.615391e-01              0   4.304545e+01   2.778790e+01  -6.353958e+00   0.000000e+00   1.004927e+03  -1.513191e+02   0.000000e+00   1.513191e+02   0.000000e+00   1.004078e+01   2.486120e+02   0.000000e+00   5.823131e-02   0.000000e+00   0.000000e+00              1
  2.678394e-01              0   4.377384e+01   2.848694e+01  -6.281422e+00   0.000000e+00   1.007860e+03  -1.526186e+02   0.000000e+00   1.526186e+02   0.000000e+00   1.081738e+01   2.548041e+02   0.000000e+00   5.833919e-02   0.000000e+00   0.000000e+00              1
  2.741396e-01              0   4.449203e+01   2.918816e+01  -6.206056e+00   0.000000e+00   1.010882e+03  -1.538939e+02   0.000000e+00   1.538939e+02   0.000000e+00   1.163623e+01   2.610170e+02   0.000000e+00   5.843929e-02   0.000000e+00   0.000000e+00              1
  2.804398e-01              0   4.520019e+01   2.989140e+01  -6.128199e+00   0.000000e+00   1.013990e+03  -1.551474e+02   0.000000e+00   1.551474e+02   0.000000e+00   1.249806e+01   2.672511e+02   0.000000e+00   5.853380e-02   0.000000e+00   0.000000e+00              1
  2.867401e-01              0   4.589849e+01   3.059652e+01  -6.048157e+00   0.000000e+00   1.017183e+03  -1.563815e+02   0.000000e+00   1.563815e+02   0.000000e+00   1.340358e+01   2.735070e+02   0.000000e+00   5.862462e-02   0.000000e+00   0.000000e+00              1
  2.930403e-01              0   4.658709e+01   3.130338e+01  -5.966212e+00   0.000000e+00   1.020459e+03  -1.575979e+02   0.000000e+00   1.575979e+02   0.000000e+00   1.435343e+01   2.797850e+02   0.000000e+00   5.871337e-02   0.000000e+00   0.000000e+00              1
  2.993405e-01              0   4.726616e+01   3.201187e+01  -5.882613e+00   0.000000e+00   1.023818e+03  -1.587986e+02   0.000000e+00   1.587986e+02   0.000000e+00   1.534825e+01   2.860858e+02   0.000000e+00   5.880140e-02   0.000000e+00   0.000000e+00              1
  3.056408e-01              0   4.793584e+01   3.272186e+01  -5.797588e+00   0.000000e+00   1.027257e+03  -1.599851e+02   0.000000e+00   1.599851e+02   0.000000e+00   1.638862e+01   2.924096e+02   0.000000e+00   5.888987e-02   0.000000e+00   0.000000e+00              1
  3.119410e-01              0   4.859631e+01   3.343325e+01  -5.711340e+00   0.000000e+00   1.030775e+03  -1.611588e+02   0.000000e+00   1.611588e+02   0.000000e+00   1.747513e+01   2.987569e+02   0.000000e+00   5.897971e-02   0.000000e+00   0.000000e+00              1
  3.182412e-01              0   4.924770e+01   3.414595e+01  -5.624052e+00   0.000000e+00   1.034372e+03  -1.623208e+02   0.000000e+00   1.623208e+02   0.000000e+00   1.860833e+01   3.051282e+02   0.000000e+00   5.907170e-02   0.000000e+00   0.000000e+00              1
  3.245415e-01              0   4.989016e+01   3.485988e+01  -5.535886e+00   0.000000e+00   1.038044e+03  -1.634723e+02   0.000000e+00   1.634723e+02   0.000000e+00   1.978877e+01   3.115238e+02   0.000000e+00   5.916645e-02   0.000000e+00   0.000000e+00              1
  3.308417e-01              0   5.052384e+01   3.557496e+01  -5.446988e+00   0.000000e+00   1.041792e+03  -1.646141e+02   0.000000e+00   1.646141e+02   0.000000e+00   2.101700e+01   3.179442e+02   0.000000e+00   5.926444e-02   0.000000e+00   0.000000e+00              1
  3.371419e-01              0   5.114887e+01   3.629114e+01  -5.357487e+00   0.000000e+00   1.045614e+03  -1.657471e+02   0.000000e+00   1.657471e+02   0.000000e+00   2.229353e+01   3.243898e+02   0.000000e+00   5.936605e-02   0.000000e+00   0.000000e+00              1
  3.434422e-01              0   5.176539e+01   3.700836e+01  -5.267500e+00   0.000000e+00   1.049509e+03  -1.668719e+02   0.000000e+00   1.668719e+02   0.000000e+00   2.361890e+01   3.308611e+02   0.000000e+00   5.947154e-02   0.000000e+00   0.000000e+00              1
  3.497424e-01              0   5.237354e+01   3.772659e+01  -5.177131e+00   0.000000e+00   1.053475e+03  -1.679891e+02   0.000000e+00   1.679891e+02   0.000000e+00   2.499363e+01   3.373584e+02   0.000000e+00   5.958109e-02   0.000000e+00   0.000000e+00              1
  3.560426e-01              0   5.297344e+01   3.844580e+01  -5.086471e+00   0.000000e+00   1.057512e+03  -1.690993e+02   0.000000e+00   1.690993e+02   0.000000e+00   2.641826e+01   3.438822e+02   0.000000e+00   5.969483e-02   0.000000e+00   0.000000e+00              1
  3.623429e-01              0   5.356522e+01   3.916597e+01  -4.995605e+00   0.000000e+00   1.061619e+03  -1.702028e+02   0.000000e+00   1.702028e+02   0.000000e+00   2.789332e+01   3.504331e+02   0.000000e+00   5.981282e-02   0.000000e+00   0.000000e+00              1
  3.686431e-01              0   5.414900e+01   3.988710e+01  -4.904606e+00   0.000000e+00   1.065794e+03  -1.713002e+02   0.000000e+00   1.713002e+02   0.000000e+00   2.941934e+01   3.570114e+02   0.000000e+00   5.993506e-02   0.000000e+00   0.000000e+00              1
  3.749433e-01              0   5.472490e+01   4.060917e+01  -4.813544e+00   0.000000e+00   1.070037e+03  -1.723916e+02   0.000000e+00   1.723916e+02   0.000000e+00   3.099688e+01   3.636178e+02   0.000000e+00   6.006153e-02   0.000000e+00   0.000000e+00              1
  3.812436e-01              0   5.529305e+01   4.133220e+01  -4.722479e+00   0.000000e+00   1.074347e+03  -1.734774e+02   0.000000e+00   1.734774e+02   0.000000e+00   3.262647e+01   3.702526e+02   0.000000e+00   6.019219e-02   0.000000e+00   0.000000e+00              1
  3.875438e-01              0   5.585356e+01   4.205621e+01  -4.631469e+00   0.000000e+00   1.078723e+03  -1.745579e+02   0.000000e+00   1.745579e+02   0.000000e+00   3.430869e+01   3.769165e+02   0.000000e+00   6.032695e-02   0.000000e+00   0.000000e+00              1
  3.938440e-01              0   5.644106e+01   4.277537e+01  -4.547694e+00   0.000000e+00   1.082605e+03  -1.749799e+02   0.000000e+00   1.749799e+02   0.000000e+00   3.582435e+01   3.835906e+02   0.000000e+00   5.979356e-02   0.000000e+00   0.000000e+00              1
  4.001443e-01              0   5.707916e+01   4.348612e+01  -4.475056e+00   0.000000e+00   1.085615e+03  -1.743096e+02   0.000000e+00   1.743096e+02   0.000000e+00   3.701920e+01   3.902563e+02   0.000000e+00   5.817835e-02   0.000000e+00   0.000000e+00              1
  4.064445e-01              0   5.772049e+01   4.419680e+01  -4.403189e+00   0.000000e+00   1.088526e+03  -1.734525e+02   0.000000e+00   1.734525e+02   0.000000e+00   3.819319e+01   3.969373e+02   0.000000e+00   5.643577e-02   0.000000e+00   0.000000e+00              1
  4.127447e-01              0   5.836040e+01   4.490829e+01  -4.331099e+00   0.000000e+00   1.091415e+03  -1.724985e+02   0.000000e+00   1.724985e+02   0.000000e+00   3.937657e+01   4.036364e+02   0.000000e+00   5.466239e-02   0.000000e+00   0.000000e+00              1
  4.190450e-01              0   5.899725e+01   4.562094e+01  -4.258488e+00   0.000000e+00   1.094310e+03  -1.714801e+02   0.000000e+00   1.714801e+02   0.000000e+00   4.058078e+01   4.103545e+02   0.000000e+00   5.289249e-02   0.000000e+00   0.000000e+00              1
  4.253452e-01              0   5.963020e+01   4.633494e+01  -4.185252e+00   0.000000e+00   1.097227e+03  -1.704136e+02   0.000000e+00   1.704136e+02   0.000000e+00   4.181220e+01   4.170925e+02   0.000000e+00   5.114288e-02   0.000000e+00   0.000000e+00              1
  4.316455e-01              0   6.025875e+01   4.705044e+01  -4.111370e+00   0.000000e+00   1.100174e+03  -1.693093e+02   0.000000e+00   1.693093e+02   0.000000e+00   4.307512e+01   4.238513e+02   0.000000e+00   4.942299e-02   0.000000e+00   0.000000e+00              1
  4.379457e-01              0   6.088258e+01   4.776753e+01  -4.036861e+00   0.000000e+00   1.103159e+03  -1.681739e+02   0.000000e+00   1.681739e+02   0.000000e+00   4.437278e+01   4.306316e+02   0.000000e+00   4.773852e-02   0.000000e+00   0.000000e+00              1
  4.442459e-01              0   6.150147e+01   4.848631e+01  -3.961770e+00   0.000000e+00   1.106185e+03  -1.670122e+02   0.000000e+00   1.670122e+02   0.000000e+00   4.570782e+01   4.374341e+02   0.000000e+00   4.609299e-02   0.000000e+00   0.000000e+00              1
  4.505462e-01              0   6.211525e+01   4.920684e+01  -3.886156e+00   0.000000e+00   1.109258e+03  -1.658281e+02   0.000000e+00   1.658281e+02   0.000000e+00   4.708250e+01   4.442594e+02   0.000000e+00   4.448860e-02   0.000000e+00   0.000000e+00              1
  4.568464e-01              0   6.272381e+01   4.992920e+01  -3.810085e+00   0.000000e+00   1.112380e+03  -1.646246e+02   0.000000e+00   1.646246e+02   0.000000e+00   4.849883e+01   4.511084e+02   0.000000e+00   4.292666e-02   0.000000e+00   0.000000e+00              1
  4.631466e-01              0   6.332705e+01   5.065345e+01  -3.733631e+00   0.000000e+00   1.115553e+03  -1.634040e+02   0.000000e+00   1.634040e+02   0.000000e+00   4.995865e+01   4.579817e+02   0.000000e+00   4.140789e-02   0.000000e+00   0.000000e+00              1
  4.694469e-01              0   6.392491e+01   5.137965e+01  -3.656869e+00   0.000000e+00   1.118781e+03  -1.621687e+02   0.000000e+00   1.621687e+02   0.000000e+00   5.146367e+01   4.648802e+02   0.000000e+00   3.993259e-02   0.000000e+00   0.000000e+00              1
  4.757471e-01              0   6.451733e+01   5.210785e+01  -3.579880e+00   0.000000e+00   1.122064e+03  -1.609203e+02   0.000000e+00   1.609203e+02   0.000000e+00   5.301549e+01   4.718046e+02   0.000000e+00   3.850078e-02   0.000000e+00   0.000000e+00              1
  4.820473e-01              0   6.510429e+01   5.283810e+01  -3.502744e+00   0.000000e+00   1.125406e+03  -1.596606e+02   0.000000e+00   1.596606e+02   0.000000e+00   5.461564e+01   4.787557e+02   0.000000e+00   3.711222e-02   0.000000e+00   0.000000e+00              1
  4.883476e-01              0   6.568574e+01   5.357044e+01  -3.425543e+00   0.000000e+00   1.128806e+03  -1.583912e+02   0.000000e+00   1.583912e+02   0.000000e+00   5.626556e+01   4.857341e+02   0.000000e+00   3.576653e-02   0.000000e+00   0.000000e+00              1
  4.946478e-01              0   6.626166e+01   5.430492e+01  -3.348361e+00   0.000000e+00   1.132267e+03  -1.571133e+02   0.000000e+00   1.571133e+02   0.000000e+00   5.796665e+01   4.927407e+02   0.000000e+00   3.446321e-02   0.000000e+00   0.000000e+00              1
  5.009480e-01              0   6.683159e+01   5.504091e+01  -3.271244e+00  -6.351160e-04   1.135784e+03  -1.558292e+02   0.000000e+00   1.558292e+02   0.000000e+00   5.971742e+01   4.997769e+02   0.000000e+00   3.320218e-02   4.036323e-05   0.000000e+00              1
  5.072483e-01              0   6.738225e+01   5.575939e+01  -3.193403e+00  -2.038712e-02   1.139191e+03  -1.545661e+02   0.000000e+00   1.545661e+02   0.000000e+00   6.143502e+01   5.068626e+02   0.000000e+00   3.199886e-02   1.279561e-03   0.000000e+00              1
  5.135485e-01              0   6.792008e+01   5.646845e+01  -3.115582e+00  -5.109922e-02   1.142558e+03  -1.533165e+02   0.000000e+00   1.533165e+02   0.000000e+00   6.315336e+01   5.139880e+02   0.000000e+00   3.084588e-02   3.167805e-03   0.000000e+00              1
  5.198487e-01              0   6.844848e+01   5.717237e+01  -3.038175e+00  -8.847669e-02   1.145920e+03  -1.520765e+02   0.000000e+00   1.520765e+02   0.000000e+00   6.489074e+01   5.211485e+02   0.000000e+00   2.973868e-02   5.418480e-03   0.000000e+00              1
  5.261490e-01              0   6.896873e+01   5.787262e+01  -2.961385e+00  -1.309719e-01   1.149291e+03  -1.508456e+02   0.000000e+00   1.508456e+02   0.000000e+00   6.665367e+01   5.283422e+02   0.000000e+00   2.867487e-02   7.924923e-03   0.000000e+00              1
  5.324492e-01              0   6.948160e+01   5.857000e+01  -2.885353e+00  -1.777390e-01   1.152677e+03  -1.496238e+02   0.000000e+00   1.496238e+02   0.000000e+00   6.844567e+01   5.355683e+02   0.000000e+00   2.765259e-02   1.062747e-02   0.000000e+00              1
  5.387494e-01              0   6.998758e+01   5.926498e+01  -2.810193e+00  -2.282377e-01   1.156081e+03  -1.484113e+02   0.000000e+00   1.484113e+02   0.000000e+00   7.026897e+01   5.428262e+02   0.000000e+00   2.667020e-02   1.348733e-02   0.000000e+00              1
  5.450497e-01              0   7.048705e+01   5.995788e+01  -2.735996e+00  -2.820916e-01   1.159506e+03  -1.472086e+02   0.000000e+00   1.472086e+02   0.000000e+00   7.212510e+01   5.501155e+02   0.000000e+00   2.572619e-02   1.647705e-02   0.000000e+00              1
  5.513499e-01              0   7.098032e+01   6.064890e+01  -2.662843e+00  -3.390220e-01   1.162954e+03  -1.460161e+02   0.000000e+00   1.460161e+02   0.000000e+00   7.401515e+01   5.574359e+02   0.000000e+00   2.481912e-02   1.957610e-02   0.000000e+00              1
  5.576501e-01              0   7.146762e+01   6.133818e+01  -2.590799e+00  -3.988138e-01   1.166425e+03  -1.448341e+02   0.000000e+00   1.448341e+02   0.000000e+00   7.593994e+01   5.647872e+02   0.000000e+00   2.394762e-02   2.276847e-02   0.000000e+00              1
  5.639504e-01              0   7.194915e+01   6.202584e+01  -2.519925e+00  -4.612952e-01   1.169920e+03  -1.436631e+02   0.000000e+00   1.436631e+02   0.000000e+00   7.790007e+01   5.721692e+02   0.000000e+00   2.311034e-02   2.604136e-02   0.000000e+00              1
  5.702506e-01              0   7.242510e+01   6.271195e+01  -2.450271e+00  -5.263253e-01   1.173440e+03  -1.425034e+02   0.000000e+00   1.425034e+02   0.000000e+00   7.989600e+01   5.795816e+02   0.000000e+00   2.230599e-02   2.938421e-02   0.000000e+00              1
  5.765508e-01              0   7.289562e+01   6.339654e+01  -2.381880e+00  -5.937856e-01   1.176984e+03  -1.413555e+02   0.000000e+00   1.413555e+02   0.000000e+00   8.192808e+01   5.870243e+02   0.000000e+00   2.153333e-02   3.278820e-02   0.000000e+00              1
  5.828511e-01              0   7.336084e+01   6.407966e+01  -2.314790e+00  -6.635747e-01   1.180552e+03  -1.402195e+02   0.000000e+00   1.402195e+02   0.000000e+00   8.399656e+01   5.944972e+02   0.000000e+00   2.079114e-02   3.624581e-02   0.000000e+00              1
  5.891513e-01              0   7.382090e+01   6.476131e+01  -2.249033e+00  -7.356043e-01   1.184144e+03  -1.390957e+02   0.000000e+00   1.390957e+02   0.000000e+00   8.610162e+01   6.019999e+02   0.000000e+00   2.007823e-02   3.975053e-02   0.000000e+00              1
  5.954515e-01              0   7.427591e+01   6.544150e+01  -2.184635e+00  -8.097963e-01   1.187760e+03  -1.379845e+02   0.000000e+00   1.379845e+02   0.000000e+00   8.824338e+01   6.095323e+02   0.000000e+00   1.939346e-02   4.329671e-02   0.000000e+00              1
  6.017518e-01              0   7.472597e+01   6.612023e+01  -2.121617e+00  -8.860805e-01   1.191400e+03  -1.368860e+02   0.000000e+00   1.368860e+02   0.000000e+00   9.042190e+01   6.170942e+02   0.000000e+00   1.873571e-02   4.687932e-02   0.000000e+00              1
  6.080520e-01              0   7.517120e+01   6.679751e+01  -2.059996e+00  -9.643933e-01   1.195062e+03  -1.358003e+02   0.000000e+00   1.358003e+02   0.000000e+00   9.263723e+01   6.246853e+02   0.000000e+00   1.810389e-02   5.049391e-02   0.000000e+00              1
  6.143522e-01              0   7.561167e+01   6.747331e+01  -1.999783e+00  -1.044677e+00   1.198747e+03  -1.347276e+02   0.000000e+00   1.347276e+02   0.000000e+00   9.488935e+01   6.323055e+02   0.000000e+00   1.749697e-02   5.413647e-02   0.000000e+00              1
  6.206525e-01              0   7.604747e+01   6.814763e+01  -1.940986e+00  -1.126876e+00   1.202453e+03  -1.336680e+02   0.000000e+00   1.336680e+02   0.000000e+00   9.717825e+01   6.399545e+02   0.000000e+00   1.691392e-02   5.780339e-02   0.000000e+00              1
  6.269527e-01              0   7.647870e+01   6.882045e+01  -1.883609e+00  -1.210942e+00   1.206181e+03  -1.326216e+02   0.000000e+00   1.326216e+02   0.000000e+00   9.950386e+01   6.476321e+02   0.000000e+00   1.635377e-02   6.149137e-02   0.000000e+00              1
  6.332529e-01              0   7.690542e+01   6.949176e+01  -1.827653e+00  -1.296827e+00   1.209930e+03  -1.315883e+02   0.000000e+00   1.315883e+02   0.000000e+00   1.018661e+02   6.553381e+02   0.000000e+00   1.581557e-02   6.519743e-02   0.000000e+00              1
  6.395532e-01              0   7.732772e+01   7.016155e+01  -1.773114e+00  -1.384487e+00   1.213700e+03  -1.305683e+02   0.000000e+00   1.305683e+02   0.000000e+00   1.042650e+02   6.630721e+02   0.000000e+00   1.529839e-02   6.891879e-02   0.000000e+00              1
  6.458534e-01              0   7.774566e+01   7.082980e+01  -1.719985e+00  -1.473878e+00   1.217489e+03  -1.295614e+02   0.000000e+00   1.295614e+02   0.000000e+00   1.067003e+02   6.708341e+02   0.000000e+00   1.480137e-02   7.265295e-02   0.000000e+00              1
  6.521536e-01              0   7.815931e+01   7.149650e+01  -1.668258e+00  -1.564962e+00   1.221297e+03  -1.285676e+02   0.000000e+00   1.285676e+02   0.000000e+00   1.091720e+02   6.786237e+02   0.000000e+00   1.432364e-02   7.639755e-02   0.000000e+00              1
  6.584539e-01              0   7.856875e+01   7.216164e+01  -1.617921e+00  -1.657699e+00   1.225125e+03  -1.275868e+02   0.000000e+00   1.275868e+02   0.000000e+00   1.116800e+02   6.864408e+02   0.000000e+00   1.386440e-02   8.015045e-02   0.000000e+00              1
  6.647541e-01              0   7.897402e+01   7.282521e+01  -1.568959e+00  -1.752053e+00   1.228970e+03  -1.266190e+02   0.000000e+00   1.266190e+02   0.000000e+00   1.142242e+02   6.942851e+02   0.000000e+00   1.342284e-02   8.390964e-02   0.000000e+00              1
  6.710543e-01              0   7.937520e+01   7.348720e+01  -1.521356e+00  -1.847989e+00   1.232833e+03  -1.256640e+02   0.000000e+00   1.256640e+02   0.000000e+00   1.168045e+02   7.021565e+02   0.000000e+00   1.299822e-02   8.767326e-02   0.000000e+00              1
  6.773546e-01              0   7.977234e+01   7.414761e+01  -1.475093e+00  -1.945471e+00   1.236714e+03  -1.247218e+02   0.000000e+00   1.247218e+02   0.000000e+00   1.194207e+02   7.100546e+02   0.000000e+00   1.258981e-02   9.143958e-02   0.000000e+00              1
  6.836548e-01              0   8.016550e+01   7.480643e+01  -1.430150e+00  -2.044467e+00   1.240611e+03  -1.237921e+02   0.000000e+00   1.237921e+02   0.000000e+00   1.220727e+02   7.179793e+02   0.000000e+00   1.219691e-02   9.520700e-02   0.000000e+00              1
  6.899551e-01              0   8.055474e+01   7.546367e+01  -1.386506e+00  -2.144947e+00   1.244524e+03  -1.228747e+02   0.000000e+00   1.228747e+02   0.000000e+00   1.247606e+02   7.259304e+02   0.000000e+00   1.181885e-02   9.897402e-02   0.000000e+00              1
  6.962553e-01              0   8.094011e+01   7.611932e+01  -1.344138e+00  -2.246878e+00   1.248454e+03  -1.219697e+02   0.000000e+00   1.219697e+02   0.000000e+00   1.274841e+02   7.339078e+02   0.000000e+00   1.145500e-02   1.027393e-01   0.000000e+00              1
  7.025555e-01              0   8.132166e+01   7.677339e+01  -1.303020e+00  -2.350231e+00   1.252399e+03  -1.210766e+02   0.000000e+00   1.210766e+02   0.000000e+00   1.302432e+02   7.419113e+02   0.000000e+00   1.110473e-02   1.065014e-01   0.000000e+00              1
  7.088558e-01              0   8.169946e+01   7.742588e+01  -1.263129e+00  -2.454977e+00   1.256359e+03  -1.201954e+02   0.000000e+00   1.201954e+02   0.000000e+00   1.330377e+02   7.499406e+02   0.000000e+00   1.076746e-02   1.102593e-01   0.000000e+00              1
  7.151560e-01              0   8.207353e+01   7.807680e+01  -1.224439e+00  -2.561090e+00   1.260333e+03  -1.193258e+02   0.000000e+00   1.193258e+02   0.000000e+00   1.358677e+02   7.579958e+02   0.000000e+00   1.044264e-02   1.140117e-01   0.000000e+00              1
  7.214562e-01              0   8.244391e+01   7.872611e+01  -1.186922e+00  -2.668576e+00   1.264322e+03  -1.184676e+02   0.000000e+00   1.184676e+02   0.000000e+00   1.387329e+02   7.660765e+02   0.000000e+00   1.012969e-02   1.177593e-01   0.000000e+00              1
  7.277565e-01              0   8.279101e+01   7.934896e+01  -1.151029e+00  -2.797511e+00   1.268217e+03  -1.175609e+02   0.000000e+00   1.175609e+02   0.000000e+00   1.415549e+02   7.741888e+02   0.000000e+00   9.813181e-03   1.223802e-01   0.000000e+00              1
  7.340567e-01              0   8.312500e+01   7.995792e+01  -1.116469e+00  -2.937601e+00   1.272070e+03  -1.166350e+02   0.000000e+00   1.166350e+02   0.000000e+00   1.443713e+02   7.823282e+02   0.000000e+00   9.500894e-03   1.274057e-01   0.000000e+00              1
  7.403569e-01              0   8.345127e+01   8.055964e+01  -1.083078e+00  -3.083421e+00   1.275910e+03  -1.157054e+02   0.000000e+00   1.157054e+02   0.000000e+00   1.472020e+02   7.904923e+02   0.000000e+00   9.196597e-03   1.325920e-01   0.000000e+00              1
  7.466572e-01              0   8.377139e+01   8.115603e+01  -1.050785e+00  -3.233405e+00   1.279744e+03  -1.147763e+02   0.000000e+00   1.147763e+02   0.000000e+00   1.500525e+02   7.986805e+02   0.000000e+00   8.901077e-03   1.378683e-01   0.000000e+00              1
  7.529574e-01              0   8.408616e+01   8.174805e+01  -1.019541e+00  -3.386752e+00   1.283576e+03  -1.138497e+02   0.000000e+00   1.138497e+02   0.000000e+00   1.529257e+02   8.068922e+02   0.000000e+00   8.614530e-03   1.431985e-01   0.000000e+00              1
  7.592576e-01              0   8.439610e+01   8.233632e+01  -9.893040e-01  -3.542967e+00   1.287408e+03  -1.129266e+02   0.000000e+00   1.129266e+02   0.000000e+00   1.558232e+02   8.151273e+02   0.000000e+00   8.336921e-03   1.485605e-01   0.000000e+00              1
  7.655579e-01              0   8.470158e+01   8.292125e+01  -9.600366e-01  -3.701712e+00   1.291241e+03  -1.120077e+02   0.000000e+00   1.120077e+02   0.000000e+00   1.587459e+02   8.233853e+02   0.000000e+00   8.068109e-03   1.539395e-01   0.000000e+00              1
  7.718581e-01              0   8.500285e+01   8.350313e+01  -9.317047e-01  -3.862739e+00   1.295077e+03  -1.110935e+02   0.000000e+00   1.110935e+02   0.000000e+00   1.616947e+02   8.316663e+02   0.000000e+00   7.807894e-03   1.593248e-01   0.000000e+00              1
  7.781583e-01              0   8.530014e+01   8.408221e+01  -9.042756e-01  -4.025856e+00   1.298916e+03  -1.101841e+02   0.000000e+00   1.101841e+02   0.000000e+00   1.646701e+02   8.399700e+02   0.000000e+00   7.556046e-03   1.647084e-01   0.000000e+00              1
  7.844586e-01              0   8.559361e+01   8.465868e+01  -8.777189e-01  -4.190910e+00   1.302759e+03  -1.092798e+02   0.000000e+00   1.092798e+02   0.000000e+00   1.676726e+02   8.482964e+02   0.000000e+00   7.312321e-03   1.700842e-01   0.000000e+00              1
  7.907588e-01              0   8.588341e+01   8.523270e+01  -8.520052e-01  -4.357777e+00   1.306606e+03  -1.083807e+02   0.000000e+00   1.083807e+02   0.000000e+00   1.707024e+02   8.566454e+02   0.000000e+00   7.076465e-03   1.754472e-01   0.000000e+00              1
  7.970590e-01              0   8.616966e+01   8.580439e+01  -8.271061e-01  -4.526350e+00   1.310457e+03  -1.074867e+02   0.000000e+00   1.074867e+02   0.000000e+00   1.737600e+02   8.650169e+02   0.000000e+00   6.848226e-03   1.807937e-01   0.000000e+00              1
  8.033593e-01              0   8.645248e+01   8.637389e+01  -8.029947e-01  -4.696541e+00   1.314313e+03  -1.065978e+02   0.000000e+00   1.065978e+02   0.000000e+00   1.768455e+02   8.734109e+02   0.000000e+00   6.627352e-03   1.861203e-01   0.000000e+00              1
  8.096595e-01              0   8.673197e+01   8.694129e+01  -7.796448e-01  -4.868270e+00   1.318174e+03  -1.057142e+02   0.000000e+00   1.057142e+02   0.000000e+00   1.799592e+02   8.818273e+02   0.000000e+00   6.413595e-03   1.914246e-01   0.000000e+00              1
  8.159597e-01              0   8.700820e+01   8.750669e+01  -7.570311e-01  -5.041470e+00   1.322039e+03  -1.048356e+02   0.000000e+00   1.048356e+02   0.000000e+00   1.831011e+02   8.902662e+02   0.000000e+00   6.206713e-03   1.967044e-01   0.000000e+00              1
  8.222600e-01              0   8.728127e+01   8.807017e+01  -7.351291e-01  -5.216079e+00   1.325910e+03  -1.039621e+02   0.000000e+00   1.039621e+02   0.000000e+00   1.862716e+02   8.987275e+02   0.000000e+00   6.006471e-03   2.019578e-01   0.000000e+00              1
  8.285602e-01              0   8.755125e+01   8.863180e+01  -7.139154e-01  -5.392043e+00   1.329786e+03  -1.030935e+02   0.000000e+00   1.030935e+02   0.000000e+00   1.894706e+02   9.072112e+02   0.000000e+00   5.812640e-03   2.071834e-01   0.000000e+00              1
  8.348604e-01              0   8.781820e+01   8.919167e+01  -6.933671e-01  -5.569313e+00   1.333667e+03  -1.022298e+02   0.000000e+00   1.022298e+02   0.000000e+00   1.926985e+02   9.157174e+02   0.000000e+00   5.624999e-03   2.123798e-01   0.000000e+00              1
  8.411607e-01              0   8.808219e+01   8.974984e+01  -6.734622e-01  -5.747844e+00   1.337553e+03  -1.013710e+02   0.000000e+00   1.013710e+02   0.000000e+00   1.959552e+02   9.242460e+02   0.000000e+00   5.443334e-03   2.175462e-01   0.000000e+00              1
  8.474609e-01              0   8.834329e+01   9.030637e+01  -6.541793e-01  -5.927593e+00   1.341445e+03  -1.005168e+02   0.000000e+00   1.005168e+02   0.000000e+00   1.992409e+02   9.327970e+02   0.000000e+00   5.267439e-03   2.226816e-01   0.000000e+00              1
  8.537611e-01              0   8.860155e+01   9.086132e+01  -6.354980e-01  -6.108525e+00   1.345342e+03  -9.966733e+01   0.000000e+00   9.966733e+01   0.000000e+00   2.025557e+02   9.413706e+02   0.000000e+00   5.097116e-03   2.277852e-01   0.000000e+00              1
  8.600614e-01              0   8.885702e+01   9.141474e+01  -6.173981e-01  -6.290603e+00   1.349244e+03  -9.882235e+01   0.000000e+00   9.882235e+01   0.000000e+00   2.058997e+02   9.499666e+02   0.000000e+00   4.932173e-03   2.328565e-01   0.000000e+00              1
  8.663616e-01              0   8.910976e+01   9.196669e+01  -5.998606e-01  -6.473795e+00   1.353152e+03  -9.798181e+01   0.000000e+00   9.798181e+01   0.000000e+00   2.092730e+02   9.585852e+02   0.000000e+00   4.772425e-03   2.378950e-01   0.000000e+00              1
  8.726618e-01              0   8.935981e+01   9.251722e+01  -5.828667e-01  -6.658071e+00   1.357065e+03  -9.714562e+01   0.000000e+00   9.714562e+01   0.000000e+00   2.126756e+02   9.672264e+02   0.000000e+00   4.617696e-03   2.429002e-01   0.000000e+00              1
  8.789621e-01              0   8.960723e+01   9.306638e+01  -5.663985e-01  -6.843402e+00   1.360984e+03  -9.631369e+01   0.000000e+00   9.631369e+01   0.000000e+00   2.161077e+02   9.758903e+02   0.000000e+00   4.467814e-03   2.478720e-01   0.000000e+00              1
  8.852623e-01              0   8.985205e+01   9.361420e+01  -5.504386e-01  -7.029761e+00   1.364908e+03  -9.548590e+01   0.000000e+00   9.548590e+01   0.000000e+00   2.195694e+02   9.845768e+02   0.000000e+00   4.322617e-03   2.528099e-01   0.000000e+00              1
  8.915625e-01              0   9.009433e+01   9.416074e+01  -5.349701e-01  -7.217125e+00   1.368838e+03  -9.466219e+01   0.000000e+00   9.466219e+01   0.000000e+00   2.230607e+02   9.932861e+02   0.000000e+00   4.181946e-03   2.577140e-01   0.000000e+00              1
  8.978628e-01              0   9.033411e+01   9.470604e+01  -5.199769e-01  -7.405468e+00   1.372773e+03  -9.384244e+01   0.000000e+00   9.384244e+01   0.000000e+00   2.265817e+02   1.002018e+03   0.000000e+00   4.045649e-03   2.625839e-01   0.000000e+00              1
  9.041630e-01              0   9.057142e+01   9.525014e+01  -5.054433e-01  -7.594770e+00   1.376714e+03  -9.302658e+01   0.000000e+00   9.302658e+01   0.000000e+00   2.301324e+02   1.010773e+03   0.000000e+00   3.913581e-03   2.674197e-01   0.000000e+00              1
  9.104632e-01              0   9.080631e+01   9.579307e+01  -4.913541e-01  -7.785007e+00   1.380660e+03  -9.221451e+01   0.000000e+00   9.221451e+01   0.000000e+00   2.337130e+02   1.019551e+03   0.000000e+00   3.785602e-03   2.722213e-01   0.000000e+00              1
  9.167635e-01              0   9.103882e+01   9.633488e+01  -4.776947e-01  -7.976161e+00   1.384612e+03  -9.140615e+01   0.000000e+00   9.140615e+01   0.000000e+00   2.373236e+02   1.028351e+03   0.000000e+00   3.661577e-03   2.769888e-01   0.000000e+00              1
  9.230637e-01              0   9.126898e+01   9.687560e+01  -4.644510e-01  -8.168212e+00   1.388570e+03  -9.060140e+01   0.000000e+00   9.060140e+01   0.000000e+00   2.409641e+02   1.037175e+03   0.000000e+00   3.541376e-03   2.817221e-01   0.000000e+00              1
  9.293639e-01              0   9.149683e+01   9.741526e+01  -4.516092e-01  -8.361142e+00   1.392533e+03  -8.980020e+01   0.000000e+00   8.980020e+01   0.000000e+00   2.446346e+02   1.046022e+03   0.000000e+00   3.424874e-03   2.864213e-01   0.000000e+00              1
  9.356642e-01              0   9.172241e+01   9.795391e+01  -4.391562e-01  -8.554934e+00   1.396501e+03  -8.900245e+01   0.000000e+00   8.900245e+01   0.000000e+00   2.483353e+02   1.054892e+03   0.000000e+00   3.311952e-03   2.910866e-01   0.000000e+00              1
  9.419644e-01              0   9.194575e+01   9.849157e+01  -4.270793e-01  -8.749571e+00   1.400475e+03  -8.820808e+01   0.000000e+00   8.820808e+01   0.000000e+00   2.520661e+02   1.063785e+03   0.000000e+00   3.202494e-03   2.957180e-01   0.000000e+00              1
  9.482646e-01              0   9.216688e+01   9.902827e+01  -4.153661e-01  -8.945037e+00   1.404455e+03  -8.741700e+01   0.000000e+00   8.741700e+01   0.000000e+00   2.558272e+02   1.072701e+03   0.000000e+00   3.096389e-03   3.003157e-01   0.000000e+00              1
  9.545649e-01              0   9.238584e+01   9.956406e+01  -4.040049e-01  -9.141316e+00   1.408440e+03  -8.662915e+01   0.000000e+00   8.662915e+01   0.000000e+00   2.596186e+02   1.081640e+03   0.000000e+00   2.993530e-03   3.048799e-01   0.000000e+00              1
  9.608651e-01              0   9.260266e+01   1.000989e+02  -3.929840e-01  -9.338395e+00   1.412430e+03  -8.584444e+01   0.000000e+00   8.584444e+01   0.000000e+00   2.634404e+02   1.090603e+03   0.000000e+00   2.893814e-03   3.094107e-01   0.000000e+00              1
  9.671654e-01              0   9.281737e+01   1.006330e+02  -3.822925e-01  -9.536259e+00   1.416426e+03  -8.506281e+01   0.000000e+00   8.506281e+01   0.000000e+00   2.672925e+02   1.099590e+03   0.000000e+00   2.797142e-03   3.139083e-01   0.000000e+00              1
  9.734656e-01              0   9.303001e+01   1.011662e+02  -3.719197e-01  -9.734894e+00   1.420428e+03  -8.428419e+01   0.000000e+00   8.428419e+01   0.000000e+00   2.711752e+02   1.108599e+03   0.000000e+00   2.703419e-03   3.183730e-01   0.000000e+00              1
  9.797658e-01              0   9.324059e+01   1.016985e+02  -3.618552e-01  -9.934288e+00   1.424435e+03  -8.350850e+01   0.000000e+00   8.350850e+01   0.000000e+00   2.750884e+02   1.117633e+03   0.000000e+00   2.612552e-03   3.228048e-01   0.000000e+00              1
  9.860661e-01              0   9.344916e+01   1.022301e+02  -3.520890e-01  -1.013443e+01   1.428447e+03  -8.273569e+01   0.000000e+00   8.273569e+01   0.000000e+00   2.790322e+02   1.126690e+03   0.000000e+00   2.524454e-03   3.272041e-01   0.000000e+00              1
  9.923663e-01              0   9.365574e+01   1.027610e+02  -3.426116e-01  -1.033530e+01   1.432465e+03  -8.196568e+01   0.000000e+00   8.196568e+01   0.000000e+00   2.830066e+02   1.135770e+03   0.000000e+00   2.439037e-03   3.315711e-01   0.000000e+00              1
  9.986665e-01              0   9.386036e+01   1.032911e+02  -3.334136e-01  -1.053690e+01   1.436488e+03  -8.119842e+01   0.000000e+00   8.119842e+01   0.000000e+00   2.870117e+02   1.144875e+03   0.000000e+00   2.356221e-03   3.359061e-01   0.000000e+00              1
  1.004967e+00              0   9.406305e+01   1.038205e+02  -3.244860e-01  -1.073921e+01   1.440516e+03  -8.043384e+01   0.000000e+00   8.043384e+01   0.000000e+00   2.910476e+02   1.154003e+03   0.000000e+00   2.275925e-03   3.402092e-01   0.000000e+00              1
  1.011267e+00              0   9.426384e+01   1.043493e+02  -3.158202e-01  -1.094221e+01   1.444550e+03  -7.967188e+01   0.000000e+00   7.967188e+01   0.000000e+00   2.951143e+02   1.163155e+03   0.000000e+00   2.198073e-03   3.444807e-01   0.000000e+00              1
  1.017567e+00              0   9.446274e+01   1.048773e+02  -3.074079e-01  -1.114591e+01   1.448590e+03  -7.891249e+01   0.000000e+00   7.891249e+01   0.000000e+00   2.992119e+02   1.172331e+03   0.000000e+00   2.122591e-03   3.487209e-01   0.000000e+00              1
  1.023867e+00              0   9.465979e+01   1.054048e+02  -2.992408e-01  -1.135029e+01   1.452634e+03  -7.815560e+01   0.000000e+00   7.815560e+01   0.000000e+00   3.033403e+02   1.181531e+03   0.000000e+00   2.049408e-03   3.529301e-01   0.000000e+00              1
  1.030168e+00              0   9.485502e+01   1.059316e+02  -2.913113e-01  -1.155534e+01   1.456684e+03  -7.740117e+01   0.000000e+00   7.740117e+01   0.000000e+00   3.074998e+02   1.190755e+03   0.000000e+00   1.978454e-03   3.571085e-01   0.000000e+00              1
  1.036468e+00              0   9.504844e+01   1.064579e+02  -2.836117e-01  -1.176104e+01   1.460740e+03  -7.664914e+01   0.000000e+00   7.664914e+01   0.000000e+00   3.116902e+02   1.200003e+03   0.000000e+00   1.909663e-03   3.612564e-01   0.000000e+00              1
  1.042768e+00              0   9.524009e+01   1.069836e+02  -2.761348e-01  -1.196740e+01   1.464800e+03  -7.589946e+01   0.000000e+00   7.589946e+01   0.000000e+00   3.159117e+02   1.209276e+03   0.000000e+00   1.842970e-03   3.653740e-01   0.000000e+00              1
  1.049068e+00              0   9.542999e+01   1.075087e+02  -2.688736e-01  -1.217440e+01   1.468866e+03  -7.515208e+01   0.000000e+00   7.515208e+01   0.000000e+00   3.201644e+02   1.218572e+03   0.000000e+00   1.778315e-03   3.694617e-01   0.000000e+00              1
  1.055369e+00              0   9.561816e+01   1.080333e+02  -2.618212e-01  -1.238204e+01   1.472937e+03  -7.440694e+01   0.000000e+00   7.440694e+01   0.000000e+00   3.244482e+02   1.227893e+03   0.000000e+00   1.715636e-03   3.735197e-01   0.000000e+00              1
  1.061669e+00              0   9.580463e+01   1.085574e+02  -2.549710e-01  -1.259030e+01   1.477014e+03  -7.366401e+01   0.000000e+00   7.366401e+01   0.000000e+00   3.287632e+02   1.237239e+03   0.000000e+00   1.654875e-03   3.775483e-01   0.000000e+00              1
  1.067969e+00              0   9.598941e+01   1.090810e+02  -2.483168e-01  -1.279917e+01   1.481096e+03  -7.292324e+01   0.000000e+00   7.292324e+01   0.000000e+00   3.331094e+02   1.246608e+03   0.000000e+00   1.595977e-03   3.815477e-01   0.000000e+00              1
  1.074269e+00              0   9.617254e+01   1.096041e+02  -2.418524e-01  -1.300866e+01   1.485182e+03  -7.218457e+01   0.000000e+00   7.218457e+01   0.000000e+00   3.374870e+02   1.256003e+03   0.000000e+00   1.538887e-03   3.855183e-01   0.000000e+00              1
  1.080570e+00              0   9.635403e+01   1.101268e+02  -2.355719e-01  -1.321875e+01   1.489275e+03  -7.144797e+01   0.000000e+00   7.144797e+01   0.000000e+00   3.418960e+02   1.265422e+03   0.000000e+00   1.483553e-03   3.894602e-01   0.000000e+00              1
  1.086870e+00              0   9.653391e+01   1.106491e+02  -2.294696e-01  -1.342943e+01   1.493372e+03  -7.071339e+01   0.000000e+00   7.071339e+01   0.000000e+00   3.463363e+02   1.274865e+03   0.000000e+00   1.429924e-03   3.933739e-01   0.000000e+00              1
  1.093170e+00              0   9.671220e+01   1.111709e+02  -2.235398e-01  -1.364070e+01   1.497474e+03  -6.998079e+01   0.000000e+00   6.998079e+01   0.000000e+00   3.508082e+02   1.284333e+03   0.000000e+00   1.377950e-03   3.972596e-01   0.000000e+00              1
  1.099470e+00              0   9.688891e+01   1.116924e+02  -2.177774e-01  -1.385254e+01   1.501582e+03  -6.925012e+01   0.000000e+00   6.925012e+01   0.000000e+00   3.553115e+02   1.293826e+03   0.000000e+00   1.327585e-03   4.011175e-01   0.000000e+00              1
  1.105771e+00              0   9.706407e+01   1.122135e+02  -2.121770e-01  -1.406496e+01   1.505695e+03  -6.852136e+01   0.000000e+00   6.852136e+01   0.000000e+00   3.598463e+02   1.303344e+03   0.000000e+00   1.278782e-03   4.049479e-01   0.000000e+00              1
  1.112071e+00              0   9.723771e+01   1.127342e+02  -2.067338e-01  -1.427795e+01   1.509813e+03  -6.779446e+01   0.000000e+00   6.779446e+01   0.000000e+00   3.644128e+02   1.312886e+03   0.000000e+00   1.231496e-03   4.087511e-01   0.000000e+00              1
  1.118371e+00              0   9.740983e+01   1.132545e+02  -2.014429e-01  -1.449149e+01   1.513936e+03  -6.706939e+01   0.000000e+00   6.706939e+01   0.000000e+00   3.690109e+02   1.322453e+03   0.000000e+00   1.185684e-03   4.125274e-01   0.000000e+00              1
  1.124671e+00              0   9.758047e+01   1.137746e+02  -1.962996e-01  -1.470559e+01   1.518064e+03  -6.634610e+01   0.000000e+00   6.634610e+01   0.000000e+00   3.736407e+02   1.332046e+03   0.000000e+00   1.141304e-03   4.162771e-01   0.000000e+00              1
  1.130971e+00              0   9.774963e+01   1.142943e+02  -1.912994e-01  -1.492024e+01   1.522197e+03  -6.562456e+01   0.000000e+00   6.562456e+01   0.000000e+00   3.783023e+02   1.341663e+03   0.000000e+00   1.098317e-03   4.200004e-01   0.000000e+00              1
  1.137272e+00              0   9.791735e+01   1.148137e+02  -1.864380e-01  -1.513543e+01   1.526336e+03  -6.490473e+01   0.000000e+00   6.490473e+01   0.000000e+00   3.829956e+02   1.351306e+03   0.000000e+00   1.056681e-03   4.236975e-01   0.000000e+00              1
  1.143572e+00              0   9.808363e+01   1.153328e+02  -1.817112e-01  -1.535115e+01   1.530479e+03  -6.418658e+01   0.000000e+00   6.418658e+01   0.000000e+00   3.877208e+02   1.360973e+03   0.000000e+00   1.016360e-03   4.273689e-01   0.000000e+00              1
  1.149872e+00              0   9.824850e+01   1.158517e+02  -1.771148e-01  -1.556740e+01   1.534627e+03  -6.347008e+01   0.000000e+00   6.347008e+01   0.000000e+00   3.924778e+02   1.370666e+03   0.000000e+00   9.773159e-04   4.310146e-01   0.000000e+00              1
  1.156172e+00              0   9.841197e+01   1.163703e+02  -1.726449e-01  -1.578417e+01   1.538781e+03  -6.275520e+01   0.000000e+00   6.275520e+01   0.000000e+00   3.972668e+02   1.380384e+03   0.000000e+00   9.395131e-04   4.346351e-01   0.000000e+00              1
  1.162473e+00              0   9.857407e+01   1.168887e+02  -1.682977e-01  -1.600147e+01   1.542939e+03  -6.204189e+01   0.000000e+00   6.204189e+01   0.000000e+00   4.020877e+02   1.390127e+03   0.000000e+00   9.029168e-04   4.382305e-01   0.000000e+00              1
  1.168773e+00              0   9.873481e+01   1.174068e+02  -1.640696e-01  -1.621927e+01   1.547103e+03  -6.133013e+01   0.000000e+00   6.133013e+01   0.000000e+00   4.069407e+02   1.399896e+03   0.000000e+00   8.674931e-04   4.418011e-01   0.000000e+00              1
  1.175073e+00              0   9.889420e+01   1.179247e+02  -1.599569e-01  -1.643759e+01   1.551271e+03  -6.061990e+01   0.000000e+00   6.061990e+01   0.000000e+00   4.118257e+02   1.409690e+03   0.000000e+00   8.332092e-04   4.453472e-01   0.000000e+00              1
  1.181373e+00              0   9.905243e+01   1.184425e+02  -1.559560e-01  -1.665635e+01   1.555444e+03  -5.991106e+01   0.000000e+00   5.991106e+01   0.000000e+00   4.167421e+02   1.419509e+03   0.000000e+00   8.000296e-04   4.488677e-01   0.000000e+00              1
  1.187674e+00              0   9.921446e+01   1.189623e+02  -1.520599e-01  -1.687402e+01   1.559602e+03  -5.920071e+01   0.000000e+00   5.920071e+01   0.000000e+00   4.216678e+02   1.429354e+03   0.000000e+00   7.678118e-04   4.523213e-01   0.000000e+00              1
  1.193974e+00              0   9.937861e+01   1.194834e+02  -1.482669e-01  -1.709110e+01   1.563753e+03  -5.848963e+01   0.000000e+00   5.848963e+01   0.000000e+00   4.266103e+02   1.439224e+03   0.000000e+00   7.365662e-04   4.557229e-01   0.000000e+00              1
  1.200274e+00              0   9.954373e+01   1.200053e+02  -1.445751e-01  -1.730796e+01   1.567900e+03  -5.777839e+01   0.000000e+00   5.777839e+01   0.000000e+00   4.315752e+02   1.449120e+03   0.000000e+00   7.062923e-04   4.590829e-01   0.000000e+00              1
  1.206574e+00              0   9.970931e+01   1.205279e+02  -1.409818e-01  -1.752475e+01   1.572046e+03  -5.706718e+01   0.000000e+00   5.706718e+01   0.000000e+00   4.365647e+02   1.459041e+03   0.000000e+00   6.769747e-04   4.624059e-01   0.000000e+00              1
  1.212874e+00              0   9.987506e+01   1.210509e+02  -1.374846e-01  -1.774156e+01   1.576192e+03  -5.635610e+01   0.000000e+00   5.635610e+01   0.000000e+00   4.415802e+02   1.468987e+03   0.000000e+00   6.485939e-04   4.656948e-01   0.000000e+00              1
  1.219175e+00              0   1.000408e+02   1.215744e+02  -1.340807e-01  -1.795844e+01   1.580339e+03  -5.564520e+01   0.000000e+00   5.564520e+01   0.000000e+00   4.466229e+02   1.478959e+03   0.000000e+00   6.211292e-04   4.689518e-01   0.000000e+00              1
  1.225475e+00              0   1.002064e+02   1.220983e+02  -1.307676e-01  -1.817545e+01   1.584487e+03  -5.493454e+01   0.000000e+00   5.493454e+01   0.000000e+00   4.516935e+02   1.488956e+03   0.000000e+00   5.945593e-04   4.721786e-01   0.000000e+00              1
  1.231775e+00              0   1.003716e+02   1.226225e+02  -1.275427e-01  -1.839262e+01   1.588637e+03  -5.422411e+01   0.000000e+00   5.422411e+01   0.000000e+00   4.567927e+02   1.498978e+03   0.000000e+00   5.688628e-04   4.753765e-01   0.000000e+00              1
  1.238075e+00              0   1.005365e+02   1.231470e+02  -1.244036e-01  -1.860998e+01   1.592790e+03  -5.351394e+01   0.000000e+00   5.351394e+01   0.000000e+00   4.619210e+02   1.509026e+03   0.000000e+00   5.440186e-04   4.785466e-01   0.000000e+00              1
  1.244376e+00              0   1.007010e+02   1.236718e+02  -1.213478e-01  -1.882754e+01   1.596946e+03  -5.280402e+01   0.000000e+00   5.280402e+01   0.000000e+00   4.670788e+02   1.519100e+03   0.000000e+00   5.200056e-04   4.816901e-01   0.000000e+00              1
  1.250676e+00              0   1.008649e+02   1.241969e+02  -1.183730e-01  -1.904534e+01   1.601104e+03  -5.209436e+01   0.000000e+00   5.209436e+01   0.000000e+00   4.722667e+02   1.529199e+03   0.000000e+00   4.968031e-04   4.848077e-01   0.000000e+00              1
  1.256976e+00              0   1.010297e+02   1.247171e+02  -1.154820e-01  -1.926705e+01   1.605211e+03  -5.141410e+01   0.000000e+00   5.141410e+01   0.000000e+00   4.774164e+02   1.539323e+03   0.000000e+00   4.751983e-04   4.879932e-01   0.000000e+00              1
  1.263276e+00              0   1.011957e+02   1.252311e+02  -1.126734e-01  -1.949369e+01   1.609252e+03  -5.077145e+01   0.000000e+00   5.077145e+01   0.000000e+00   4.825084e+02   1.549473e+03   0.000000e+00   4.553171e-04   4.912711e-01   0.000000e+00              1
  1.269577e+00              0   1.013621e+02   1.257422e+02  -1.099410e-01  -1.972280e+01   1.613264e+03  -5.014689e+01   0.000000e+00   5.014689e+01   0.000000e+00   4.875886e+02   1.559648e+03   0.000000e+00   4.365411e-04   4.945784e-01   0.000000e+00              1
  1.275877e+00              0   1.015285e+02   1.262513e+02  -1.072818e-01  -1.995373e+01   1.617255e+03  -4.953533e+01   0.000000e+00   4.953533e+01   0.000000e+00   4.926689e+02   1.569848e+03   0.000000e+00   4.186844e-04   4.978986e-01   0.000000e+00              1
  1.282177e+00              0   1.016948e+02   1.267589e+02  -1.046931e-01  -2.018617e+01   1.621232e+03  -4.893412e+01   0.000000e+00   4.893412e+01   0.000000e+00   4.977557e+02   1.580072e+03   0.000000e+00   4.016391e-04   5.012235e-01   0.000000e+00              1
  1.288477e+00              0   1.018609e+02   1.272653e+02  -1.021725e-01  -2.041990e+01   1.625198e+03  -4.834160e+01   0.000000e+00   4.834160e+01   0.000000e+00   5.028530e+02   1.590320e+03   0.000000e+00   3.853302e-04   5.045480e-01   0.000000e+00              1
  1.294778e+00              0   1.020267e+02   1.277707e+02  -9.971791e-02  -2.065479e+01   1.629155e+03  -4.775659e+01   0.000000e+00   4.775659e+01   0.000000e+00   5.079636e+02   1.600593e+03   0.000000e+00   3.697002e-04   5.078685e-01   0.000000e+00              1
  1.301078e+00              0   1.021922e+02   1.282751e+02  -9.732725e-02  -2.089074e+01   1.633104e+03  -4.717823e+01   0.000000e+00   4.717823e+01   0.000000e+00   5.130896e+02   1.610890e+03   0.000000e+00   3.547030e-04   5.111826e-01   0.000000e+00              1
  1.307378e+00              0   1.023574e+02   1.287788e+02  -9.499859e-02  -2.112765e+01   1.637048e+03  -4.660586e+01   0.000000e+00   4.660586e+01   0.000000e+00   5.182328e+02   1.621212e+03   0.000000e+00   3.402997e-04   5.144885e-01   0.000000e+00              1
  1.313678e+00              0   1.025221e+02   1.292818e+02  -9.273008e-02  -2.136548e+01   1.640986e+03  -4.603893e+01   0.000000e+00   4.603893e+01   0.000000e+00   5.233944e+02   1.631558e+03   0.000000e+00   3.264569e-04   5.177847e-01   0.000000e+00              1
  1.319978e+00              0   1.026864e+02   1.297841e+02  -9.051995e-02  -2.160417e+01   1.644921e+03  -4.547700e+01   0.000000e+00   4.547700e+01   0.000000e+00   5.285756e+02   1.641928e+03   0.000000e+00   3.131453e-04   5.210703e-01   0.000000e+00              1
  1.326279e+00              0   1.028503e+02   1.302859e+02  -8.836650e-02  -2.184368e+01   1.648852e+03  -4.491971e+01   0.000000e+00   4.491971e+01   0.000000e+00   5.337773e+02   1.652323e+03   0.000000e+00   3.003387e-04   5.243442e-01   0.000000e+00              1
  1.332579e+00              0   1.030136e+02   1.307872e+02  -8.626808e-02  -2.208397e+01   1.652781e+03  -4.436674e+01   0.000000e+00   4.436674e+01   0.000000e+00   5.390005e+02   1.662742e+03   0.000000e+00   2.880134e-04   5.276060e-01   0.000000e+00              1
  1.338879e+00              0   1.031764e+02   1.312881e+02  -8.422312e-02  -2.232501e+01   1.656708e+03  -4.381782e+01   0.000000e+00   4.381782e+01   0.000000e+00   5.442457e+02   1.673185e+03   0.000000e+00   2.761480e-04   5.308549e-01   0.000000e+00              1
  1.345179e+00              0   1.033387e+02   1.317885e+02  -8.223010e-02  -2.256678e+01   1.660633e+03  -4.327271e+01   0.000000e+00   4.327271e+01   0.000000e+00   5.495137e+02   1.683653e+03   0.000000e+00   2.647226e-04   5.340906e-01   0.000000e+00              1
  1.351480e+00              0   1.035005e+02   1.322886e+02  -8.028755e-02  -2.280926e+01   1.664558e+03  -4.273122e+01   0.000000e+00   4.273122e+01   0.000000e+00   5.548050e+02   1.694145e+03   0.000000e+00   2.537188e-04   5.373128e-01   0.000000e+00              1
  1.357780e+00              0   1.036617e+02   1.327883e+02  -7.839403e-02  -2.305242e+01   1.668481e+03  -4.219314e+01   0.000000e+00   4.219314e+01   0.000000e+00   5.601201e+02   1.704661e+03   0.000000e+00   2.431198e-04   5.405212e-01   0.000000e+00              1
  1.364080e+00              0   1.038223e+02   1.332876e+02  -7.654818e-02  -2.329625e+01   1.672405e+03  -4.165832e+01   0.000000e+00   4.165832e+01   0.000000e+00   5.654594e+02   1.715201e+03   0.000000e+00   2.329094e-04   5.437155e-01   0.000000e+00              1
  1.370380e+00              0   1.039824e+02   1.337867e+02  -7.474867e-02  -2.354073e+01   1.676328e+03  -4.112662e+01   0.000000e+00   4.112662e+01   0.000000e+00   5.708235e+02   1.725766e+03   0.000000e+00   2.230729e-04   5.468955e-01   0.000000e+00              1
  1.376681e+00              0   1.041418e+02   1.342855e+02  -7.299421e-02  -2.378585e+01   1.680252e+03  -4.059788e+01   0.000000e+00   4.059788e+01   0.000000e+00   5.762127e+02   1.736355e+03   0.000000e+00   2.135961e-04   5.500613e-01   0.000000e+00              1
  1.382981e+00              0   1.043007e+02   1.347840e+02  -7.128355e-02  -2.403160e+01   1.684176e+03  -4.007200e+01   0.000000e+00   4.007200e+01   0.000000e+00   5.816274e+02   1.746969e+03   0.000000e+00   2.044658e-04   5.532126e-01   0.000000e+00              1
  1.389281e+00              0   1.044589e+02   1.352823e+02  -6.961549e-02  -2.427796e+01   1.688101e+03  -3.954886e+01   0.000000e+00   3.954886e+01   0.000000e+00   5.870679e+02   1.757607e+03   0.000000e+00   1.956693e-04   5.563493e-01   0.000000e+00              1
  1.395581e+00              0   1.046166e+02   1.357804e+02  -6.798885e-02  -2.452492e+01   1.692027e+03  -3.902837e+01   0.000000e+00   3.902837e+01   0.000000e+00   5.925345e+02   1.768269e+03   0.000000e+00   1.871948e-04   5.594716e-01   0.000000e+00              1
  1.401882e+00              0   1.047736e+02   1.362783e+02  -6.640251e-02  -2.477248e+01   1.695954e+03  -3.851041e+01   0.000000e+00   3.851041e+01   0.000000e+00   5.980275e+02   1.778955e+03   0.000000e+00   1.790309e-04   5.625792e-01   0.000000e+00              1
  1.408182e+00              0   1.049300e+02   1.367760e+02  -6.485536e-02  -2.502062e+01   1.699882e+03  -3.799491e+01   0.000000e+00   3.799491e+01   0.000000e+00   6.035471e+02   1.789666e+03   0.000000e+00   1.711667e-04   5.656723e-01   0.000000e+00              1
  1.414482e+00              0   1.050857e+02   1.372735e+02  -6.334635e-02  -2.526934e+01   1.703812e+03  -3.748179e+01   0.000000e+00   3.748179e+01   0.000000e+00   6.090937e+02   1.800402e+03   0.000000e+00   1.635920e-04   5.687509e-01   0.000000e+00              1
  1.420782e+00              0   1.052409e+02   1.377709e+02  -6.187443e-02  -2.551863e+01   1.707744e+03  -3.697097e+01   0.000000e+00   3.697097e+01   0.000000e+00   6.146676e+02   1.811162e+03   0.000000e+00   1.562968e-04   5.718149e-01   0.000000e+00              1
  1.427082e+00              0   1.053954e+02   1.382681e+02  -6.043861e-02  -2.576849e+01   1.711678e+03  -3.646238e+01   0.000000e+00   3.646238e+01   0.000000e+00   6.202688e+02   1.821946e+03   0.000000e+00   1.492717e-04   5.748644e-01   0.000000e+00              1
  1.433383e+00              0   1.055492e+02   1.387652e+02  -5.903791e-02  -2.601890e+01   1.715613e+03  -3.595595e+01   0.000000e+00   3.595595e+01   0.000000e+00   6.258976e+02   1.832755e+03   0.000000e+00   1.425077e-04   5.778995e-01   0.000000e+00              1
  1.439683e+00              0   1.057024e+02   1.392621e+02  -5.767141e-02  -2.626986e+01   1.719551e+03  -3.545163e+01   0.000000e+00   3.545163e+01   0.000000e+00   6.315544e+02   1.843588e+03   0.000000e+00   1.359959e-04   5.809201e-01   0.000000e+00              1
  1.445983e+00              0   1.058550e+02   1.397590e+02  -5.633817e-02  -2.652136e+01   1.723491e+03  -3.494935e+01   0.000000e+00   3.494935e+01   0.000000e+00   6.372392e+02   1.854446e+03   0.000000e+00   1.297282e-04   5.839265e-01   0.000000e+00              1
  1.452283e+00              0   1.060069e+02   1.402558e+02  -5.503732e-02  -2.677341e+01   1.727434e+03  -3.444906e+01   0.000000e+00   3.444906e+01   0.000000e+00   6.429522e+02   1.865328e+03   0.000000e+00   1.236964e-04   5.869186e-01   0.000000e+00              1
  1.458584e+00              0   1.061582e+02   1.407524e+02  -5.376799e-02  -2.702599e+01   1.731378e+03  -3.395071e+01   0.000000e+00   3.395071e+01   0.000000e+00   6.486937e+02   1.876235e+03   0.000000e+00   1.178928e-04   5.898965e-01   0.000000e+00              1
  1.464884e+00              0   1.063089e+02   1.412491e+02  -5.252935e-02  -2.727910e+01   1.735326e+03  -3.345425e+01   0.000000e+00   3.345425e+01   0.000000e+00   6.544637e+02   1.887166e+03   0.000000e+00   1.123100e-04   5.928603e-01   0.000000e+00              1
  1.471184e+00              0   1.064589e+02   1.417456e+02  -5.132059e-02  -2.753273e+01   1.739276e+03  -3.295963e+01   0.000000e+00   3.295963e+01   0.000000e+00   6.602626e+02   1.898122e+03   0.000000e+00   1.069407e-04   5.958101e-01   0.000000e+00              1
  1.477484e+00              0   1.066082e+02   1.422421e+02  -5.014093e-02  -2.778689e+01   1.743229e+03  -3.246682e+01   0.000000e+00   3.246682e+01   0.000000e+00   6.660904e+02   1.909103e+03   0.000000e+00   1.017781e-04   5.987460e-01   0.000000e+00              1
  1.483785e+00              0   1.067569e+02   1.427385e+02  -4.898959e-02  -2.804156e+01   1.747185e+03  -3.197576e+01   0.000000e+00   3.197576e+01   0.000000e+00   6.719474e+02   1.920108e+03   0.000000e+00   9.681551e-05   6.016680e-01   0.000000e+00              1
  1.490085e+00              0   1.069099e+02   1.432362e+02  -4.786555e-02  -2.829587e+01   1.751122e+03  -3.149661e+01   0.000000e+00   3.149661e+01   0.000000e+00   6.778020e+02   1.931138e+03   0.000000e+00   9.213579e-05   6.045575e-01   0.000000e+00              1
  1.496385e+00              0   1.070725e+02   1.437365e+02  -4.676785e-02  -2.854889e+01   1.755019e+03  -3.104001e+01   0.000000e+00   3.104001e+01   0.000000e+00   6.836214e+02   1.942193e+03   0.000000e+00   8.781431e-05   6.073952e-01   0.000000e+00              1
  1.502685e+00              0   1.072397e+02   1.442382e+02  -4.569615e-02  -2.880147e+01   1.758897e+03  -3.059603e+01   0.000000e+00   3.059603e+01   0.000000e+00   6.894361e+02   1.953271e+03   0.000000e+00   8.374617e-05   6.102000e-01   0.000000e+00              1
  1.508985e+00              0   1.074102e+02   1.447409e+02  -4.464989e-02  -2.905387e+01   1.762761e+03  -3.016173e+01   0.000000e+00   3.016173e+01   0.000000e+00   6.952554e+02   1.964374e+03   0.000000e+00   7.989442e-05   6.129774e-01   0.000000e+00              1
  1.515286e+00              0   1.075833e+02   1.452444e+02  -4.362847e-02  -2.930622e+01   1.766616e+03  -2.973555e+01   0.000000e+00   2.973555e+01   0.000000e+00   7.010842e+02   1.975501e+03   0.000000e+00   7.623609e-05   6.157307e-01   0.000000e+00              1
  1.521586e+00              0   1.077583e+02   1.457486e+02  -4.263130e-02  -2.955861e+01   1.770463e+03  -2.931643e+01   0.000000e+00   2.931643e+01   0.000000e+00   7.069256e+02   1.986652e+03   0.000000e+00   7.275427e-05   6.184620e-01   0.000000e+00              1
  1.527886e+00              0   1.079350e+02   1.462534e+02  -4.165777e-02  -2.981110e+01   1.774304e+03  -2.890361e+01   0.000000e+00   2.890361e+01   0.000000e+00   7.127822e+02   1.997827e+03   0.000000e+00   6.943542e-05   6.211729e-01   0.000000e+00              1
  1.534186e+00              0   1.081131e+02   1.467588e+02  -4.070731e-02  -3.006374e+01   1.778140e+03  -2.849648e+01   0.000000e+00   2.849648e+01   0.000000e+00   7.186559e+02   2.009026e+03   0.000000e+00   6.626827e-05   6.238646e-01   0.000000e+00              1
  1.540487e+00              0   1.082924e+02   1.472647e+02  -3.977935e-02  -3.031657e+01   1.781973e+03  -2.809457e+01   0.000000e+00   2.809457e+01   0.000000e+00   7.245481e+02   2.020248e+03   0.000000e+00   6.324311e-05   6.265383e-01   0.000000e+00              1
  1.546787e+00              0   1.084725e+02   1.477710e+02  -3.887331e-02  -3.056962e+01   1.785803e+03  -2.769747e+01   0.000000e+00   2.769747e+01   0.000000e+00   7.304603e+02   2.031495e+03   0.000000e+00   6.035143e-05   6.291947e-01   0.000000e+00              1
  1.553087e+00              0   1.086535e+02   1.482778e+02  -3.798865e-02  -3.082292e+01   1.789631e+03  -2.730483e+01   0.000000e+00   2.730483e+01   0.000000e+00   7.363934e+02   2.042766e+03   0.000000e+00   5.758565e-05   6.318347e-01   0.000000e+00              1
  1.559387e+00              0   1.088352e+02   1.487850e+02  -3.712484e-02  -3.107649e+01   1.793458e+03  -2.691637e+01   0.000000e+00   2.691637e+01   0.000000e+00   7.423486e+02   2.054060e+03   0.000000e+00   5.493894e-05   6.344590e-01   0.000000e+00              1
  1.565688e+00              0   1.090174e+02   1.492925e+02  -3.628135e-02  -3.133036e+01   1.797284e+03  -2.653182e+01   0.000000e+00   2.653182e+01   0.000000e+00   7.483266e+02   2.065379e+03   0.000000e+00   5.240513e-05   6.370680e-01   0.000000e+00              1
  1.571988e+00              0   1.092000e+02   1.498004e+02  -3.545767e-02  -3.158454e+01   1.801109e+03  -2.615094e+01   0.000000e+00   2.615094e+01   0.000000e+00   7.543283e+02   2.076721e+03   0.000000e+00   4.997854e-05   6.396625e-01   0.000000e+00              1
  1.578288e+00              0   1.093830e+02   1.503086e+02  -3.465330e-02  -3.183905e+01   1.804935e+03  -2.577353e+01   0.000000e+00   2.577353e+01   0.000000e+00   7.603544e+02   2.088088e+03   0.000000e+00   4.765397e-05   6.422429e-01   0.000000e+00              1
  1.584588e+00              0   1.095663e+02   1.508171e+02  -3.386776e-02  -3.209389e+01   1.808761e+03  -2.539941e+01   0.000000e+00   2.539941e+01   0.000000e+00   7.664055e+02   2.099478e+03   0.000000e+00   4.542660e-05   6.448096e-01   0.000000e+00              1
  1.590889e+00              0   1.097498e+02   1.513259e+02  -3.310058e-02  -3.234910e+01   1.812589e+03  -2.502839e+01   0.000000e+00   2.502839e+01   0.000000e+00   7.724821e+02   2.110892e+03   0.000000e+00   4.329195e-05   6.473631e-01   0.000000e+00              1
  1.597189e+00              0   1.099334e+02   1.518350e+02  -3.235129e-02  -3.260467e+01   1.816417e+03  -2.466034e+01   0.000000e+00   2.466034e+01   0.000000e+00   7.785850e+02   2.122331e+03   0.000000e+00   4.124587e-05   6.499038e-01   0.000000e+00              1
  1.603489e+00              0   1.101170e+02   1.523443e+02  -3.161945e-02  -3.286061e+01   1.820247e+03  -2.429509e+01   0.000000e+00   2.429509e+01   0.000000e+00   7.847145e+02   2.133793e+03   0.000000e+00   3.928447e-05   6.524320e-01   0.000000e+00              1
  1.609789e+00              0   1.103007e+02   1.528539e+02  -3.090463e-02  -3.311695e+01   1.824079e+03  -2.393253e+01   0.000000e+00   2.393253e+01   0.000000e+00   7.908711e+02   2.145279e+03   0.000000e+00   3.740409e-05   6.549480e-01   0.000000e+00              1
  1.616089e+00              0   1.104843e+02   1.533638e+02  -3.020639e-02  -3.337367e+01   1.827913e+03  -2.357252e+01   0.000000e+00   2.357252e+01   0.000000e+00   7.970554e+02   2.156789e+03   0.000000e+00   3.560132e-05   6.574522e-01   0.000000e+00              1
  1.622390e+00              0   1.106679e+02   1.538740e+02  -2.952432e-02  -3.363081e+01   1.831750e+03  -2.321496e+01   0.000000e+00   2.321496e+01   0.000000e+00   8.032676e+02   2.168323e+03   0.000000e+00   3.387291e-05   6.599448e-01   0.000000e+00              1
  1.628690e+00              0   1.108521e+02   1.543845e+02  -2.885802e-02  -3.388827e+01   1.835585e+03  -2.286286e+01   0.000000e+00   2.286286e+01   0.000000e+00   8.095021e+02   2.179881e+03   0.000000e+00   3.222904e-05   6.624247e-01   0.000000e+00              1
  1.634990e+00              0   1.110497e+02   1.548971e+02  -2.820702e-02  -3.414488e+01   1.839361e+03  -2.256431e+01   0.000000e+00   2.256431e+01   0.000000e+00   8.156641e+02   2.191463e+03   0.000000e+00   3.086289e-05   6.648689e-01   0.000000e+00              1
  1.641290e+00              0   1.112545e+02   1.554111e+02  -2.757101e-02  -3.440124e+01   1.843106e+03  -2.229675e+01   0.000000e+00   2.229675e+01   0.000000e+00   8.217986e+02   2.203069e+03   0.000000e+00   2.966311e-05   6.672893e-01   0.000000e+00              1
  1.647591e+00              0   1.114636e+02   1.559258e+02  -2.694965e-02  -3.465762e+01   1.846834e+03  -2.204889e+01   0.000000e+00   2.204889e+01   0.000000e+00   8.279281e+02   2.214698e+03   0.000000e+00   2.857464e-05   6.696919e-01   0.000000e+00              1
  1.653891e+00              0   1.116756e+02   1.564413e+02  -2.634258e-02  -3.491418e+01   1.850549e+03  -2.181603e+01   0.000000e+00   2.181603e+01   0.000000e+00   8.340621e+02   2.226350e+03   0.000000e+00   2.757291e-05   6.720793e-01   0.000000e+00              1
  1.660191e+00              0   1.118900e+02   1.569572e+02  -2.574946e-02  -3.517097e+01   1.854257e+03  -2.159539e+01   0.000000e+00   2.159539e+01   0.000000e+00   8.402063e+02   2.238026e+03   0.000000e+00   2.664279e-05   6.744532e-01   0.000000e+00              1
  1.666491e+00              0   1.121060e+02   1.574737e+02  -2.516995e-02  -3.542806e+01   1.857960e+03  -2.138506e+01   0.000000e+00   2.138506e+01   0.000000e+00   8.463646e+02   2.249725e+03   0.000000e+00   2.577364e-05   6.768149e-01   0.000000e+00              1
  1.672792e+00              0   1.123235e+02   1.579905e+02  -2.460372e-02  -3.568549e+01   1.861658e+03  -2.118364e+01   0.000000e+00   2.118364e+01   0.000000e+00   8.525399e+02   2.261447e+03   0.000000e+00   2.495745e-05   6.791651e-01   0.000000e+00              1
  1.679092e+00              0   1.125419e+02   1.585077e+02  -2.405044e-02  -3.594328e+01   1.865355e+03  -2.099004e+01   0.000000e+00   2.099004e+01   0.000000e+00   8.587346e+02   2.273192e+03   0.000000e+00   2.418794e-05   6.815046e-01   0.000000e+00              1
  1.685392e+00              0   1.127613e+02   1.590252e+02  -2.350979e-02  -3.620147e+01   1.869050e+03  -2.080340e+01   0.000000e+00   2.080340e+01   0.000000e+00   8.649505e+02   2.284960e+03   0.000000e+00   2.346003e-05   6.838341e-01   0.000000e+00              1
  1.691692e+00              0   1.129812e+02   1.595431e+02  -2.298147e-02  -3.646007e+01   1.872744e+03  -2.062300e+01   0.000000e+00   2.062300e+01   0.000000e+00   8.711891e+02   2.296752e+03   0.000000e+00   2.276951e-05   6.861541e-01   0.000000e+00              1
  1.697993e+00              0   1.132016e+02   1.600612e+02  -2.246517e-02  -3.671910e+01   1.876439e+03  -2.044823e+01   0.000000e+00   2.044823e+01   0.000000e+00   8.774518e+02   2.308566e+03   0.000000e+00   2.211282e-05   6.884649e-01   0.000000e+00              1
  1.704293e+00              0   1.134224e+02   1.605796e+02  -2.196060e-02  -3.697858e+01   1.880136e+03  -2.027859e+01   0.000000e+00   2.027859e+01   0.000000e+00   8.837397e+02   2.320404e+03   0.000000e+00   2.148694e-05   6.907670e-01   0.000000e+00              1
  1.710593e+00              0   1.136433e+02   1.610982e+02  -2.146747e-02  -3.723852e+01   1.883834e+03  -2.011362e+01   0.000000e+00   2.011362e+01   0.000000e+00   8.900538e+02   2.332265e+03   0.000000e+00   2.088925e-05   6.930607e-01   0.000000e+00              1
  1.716893e+00              0   1.138644e+02   1.616170e+02  -2.098551e-02  -3.749894e+01   1.887534e+03  -1.995293e+01   0.000000e+00   1.995293e+01   0.000000e+00   8.963950e+02   2.344149e+03   0.000000e+00   2.031745e-05   6.953464e-01   0.000000e+00              1
  1.723193e+00              0   1.140855e+02   1.621361e+02  -2.051444e-02  -3.775984e+01   1.891237e+03  -1.979620e+01   0.000000e+00   1.979620e+01   0.000000e+00   9.027641e+02   2.356057e+03   0.000000e+00   1.976954e-05   6.976243e-01   0.000000e+00              1
  1.729494e+00              0   1.143066e+02   1.626554e+02  -2.005399e-02  -3.802123e+01   1.894943e+03  -1.964310e+01   0.000000e+00   1.964310e+01   0.000000e+00   9.091619e+02   2.367987e+03   0.000000e+00   1.924374e-05   6.998947e-01   0.000000e+00              1
  1.735794e+00              0   1.145275e+02   1.631749e+02  -1.960391e-02  -3.828312e+01   1.898652e+03  -1.949337e+01   0.000000e+00   1.949337e+01   0.000000e+00   9.155890e+02   2.379941e+03   0.000000e+00   1.873847e-05   7.021578e-01   0.000000e+00              1
  1.742094e+00              0   1.147482e+02   1.636946e+02  -1.916395e-02  -3.854553e+01   1.902365e+03  -1.934675e+01   0.000000e+00   1.934675e+01   0.000000e+00   9.220459e+02   2.391919e+03   0.000000e+00   1.825230e-05   7.044139e-01   0.000000e+00              1
  1.748394e+00              0   1.149687e+02   1.642144e+02  -1.873386e-02  -3.880844e+01   1.906082e+03  -1.920304e+01   0.000000e+00   1.920304e+01   0.000000e+00   9.285332e+02   2.403919e+03   0.000000e+00   1.778396e-05   7.066630e-01   0.000000e+00              1
  1.754695e+00              0   1.151889e+02   1.647345e+02  -1.831341e-02  -3.907188e+01   1.909804e+03  -1.906202e+01   0.000000e+00   1.906202e+01   0.000000e+00   9.350515e+02   2.415943e+03   0.000000e+00   1.733230e-05   7.089055e-01   0.000000e+00              1
  1.760995e+00              0   1.154087e+02   1.652547e+02  -1.790236e-02  -3.933585e+01   1.913530e+03  -1.892351e+01   0.000000e+00   1.892351e+01   0.000000e+00   9.416012e+02   2.427990e+03   0.000000e+00   1.689628e-05   7.111414e-01   0.000000e+00              1
  1.767295e+00              0   1.156281e+02   1.657752e+02  -1.750048e-02  -3.960035e+01   1.917261e+03  -1.878733e+01   0.000000e+00   1.878733e+01   0.000000e+00   9.481828e+02   2.440061e+03   0.000000e+00   1.647494e-05   7.133710e-01   0.000000e+00              1
  1.773595e+00              0   1.158472e+02   1.662958e+02  -1.710756e-02  -3.986538e+01   1.920996e+03  -1.865335e+01   0.000000e+00   1.865335e+01   0.000000e+00   9.547966e+02   2.452155e+03   0.000000e+00   1.606743e-05   7.155943e-01   0.000000e+00              1
  1.779896e+00              0   1.160658e+02   1.668165e+02  -1.672338e-02  -4.013095e+01   1.924737e+03  -1.852140e+01   0.000000e+00   1.852140e+01   0.000000e+00   9.614430e+02   2.464273e+03   0.000000e+00   1.567294e-05   7.178116e-01   0.000000e+00              1
  1.786196e+00              0   1.162839e+02   1.673375e+02  -1.634773e-02  -4.039707e+01   1.928483e+03  -1.839136e+01   0.000000e+00   1.839136e+01   0.000000e+00   9.681224e+02   2.476414e+03   0.000000e+00   1.529077e-05   7.200229e-01   0.000000e+00              1
  1.792496e+00              0   1.165015e+02   1.678586e+02  -1.598041e-02  -4.066373e+01   1.932235e+03  -1.826311e+01   0.000000e+00   1.826311e+01   0.000000e+00   9.748352e+02   2.488579e+03   0.000000e+00   1.492023e-05   7.222284e-01   0.000000e+00              1
  1.798796e+00              0   1.167186e+02   1.683799e+02  -1.562122e-02  -4.093094e+01   1.935992e+03  -1.813653e+01   0.000000e+00   1.813653e+01   0.000000e+00   9.815816e+02   2.500767e+03   0.000000e+00   1.456071e-05   7.244281e-01   0.000000e+00              1
  1.805096e+00              0   1.169351e+02   1.689013e+02  -1.526997e-02  -4.119871e+01   1.939755e+03  -1.801150e+01   0.000000e+00   1.801150e+01   0.000000e+00   9.883620e+02   2.512979e+03   0.000000e+00   1.421165e-05   7.266223e-01   0.000000e+00              1
  1.811397e+00              0   1.171511e+02   1.694230e+02  -1.492647e-02  -4.146703e+01   1.943523e+03  -1.788795e+01   0.000000e+00   1.788795e+01   0.000000e+00   9.951766e+02   2.525214e+03   0.000000e+00   1.387253e-05   7.288109e-01   0.000000e+00              1
  1.817697e+00              0   1.173665e+02   1.699448e+02  -1.459053e-02  -4.173590e+01   1.947298e+03  -1.776576e+01   0.000000e+00   1.776576e+01   0.000000e+00   1.002026e+03   2.537474e+03   0.000000e+00   1.354286e-05   7.309941e-01   0.000000e+00              1
  1.823997e+00              0   1.175812e+02   1.704668e+02  -1.426198e-02  -4.200534e+01   1.951078e+03  -1.764486e+01   0.000000e+00   1.764486e+01   0.000000e+00   1.008910e+03   2.549757e+03   0.000000e+00   1.322218e-05   7.331720e-01   0.000000e+00              1
  1.830297e+00              0   1.177954e+02   1.709889e+02  -1.394065e-02  -4.227533e+01   1.954865e+03  -1.752515e+01   0.000000e+00   1.752515e+01   0.000000e+00   1.015829e+03   2.562063e+03   0.000000e+00   1.291009e-05   7.353446e-01   0.000000e+00              1
  1.836598e+00              0   1.180090e+02   1.715113e+02  -1.362636e-02  -4.254589e+01   1.958658e+03  -1.740658e+01   0.000000e+00   1.740658e+01   0.000000e+00   1.022783e+03   2.574394e+03   0.000000e+00   1.260619e-05   7.375121e-01   0.000000e+00              1
  1.842898e+00              0   1.182219e+02   1.720338e+02  -1.331895e-02  -4.281701e+01   1.962457e+03  -1.728905e+01   0.000000e+00   1.728905e+01   0.000000e+00   1.029772e+03   2.586748e+03   0.000000e+00   1.231012e-05   7.396745e-01   0.000000e+00              1
  1.849198e+00              0   1.184342e+02   1.725565e+02  -1.301826e-02  -4.308870e+01   1.966263e+03  -1.717251e+01   0.000000e+00   1.717251e+01   0.000000e+00   1.036798e+03   2.599127e+03   0.000000e+00   1.202154e-05   7.418318e-01   0.000000e+00              1
  1.855498e+00              0   1.186459e+02   1.730794e+02  -1.272413e-02  -4.336095e+01   1.970075e+03  -1.705689e+01   0.000000e+00   1.705689e+01   0.000000e+00   1.043859e+03   2.611529e+03   0.000000e+00   1.174014e-05   7.439843e-01   0.000000e+00              1
  1.861799e+00              0   1.188569e+02   1.736025e+02  -1.243642e-02  -4.363377e+01   1.973893e+03  -1.694213e+01   0.000000e+00   1.694213e+01   0.000000e+00   1.050956e+03   2.623955e+03   0.000000e+00   1.146562e-05   7.461319e-01   0.000000e+00              1
  1.868099e+00              0   1.190672e+02   1.741258e+02  -1.215496e-02  -4.390716e+01   1.977719e+03  -1.682817e+01   0.000000e+00   1.682817e+01   0.000000e+00   1.058090e+03   2.636405e+03   0.000000e+00   1.119771e-05   7.482746e-01   0.000000e+00              1
  1.874399e+00              0   1.192769e+02   1.746493e+02  -1.187962e-02  -4.418111e+01   1.981550e+03  -1.671496e+01   0.000000e+00   1.671496e+01   0.000000e+00   1.065260e+03   2.648880e+03   0.000000e+00   1.093614e-05   7.504126e-01   0.000000e+00              1
  1.880699e+00              0   1.194860e+02   1.751730e+02  -1.161025e-02  -4.445564e+01   1.985389e+03  -1.660244e+01   0.000000e+00   1.660244e+01   0.000000e+00   1.072466e+03   2.661378e+03   0.000000e+00   1.068068e-05   7.525460e-01   0.000000e+00              1
  1.887000e+00              0   1.196944e+02   1.756969e+02  -1.134672e-02  -4.473073e+01   1.989234e+03  -1.649058e+01   0.000000e+00   1.649058e+01   0.000000e+00   1.079710e+03   2.673901e+03   0.000000e+00   1.043109e-05   7.546746e-01   0.000000e+00              1
  1.893300e+00              0   1.199021e+02   1.762210e+02  -1.108889e-02  -4.500640e+01   1.993085e+03  -1.637932e+01   0.000000e+00   1.637932e+01   0.000000e+00   1.086990e+03   2.686447e+03   0.000000e+00   1.018717e-05   7.567988e-01   0.000000e+00              1
  1.899600e+00              0   1.201092e+02   1.767453e+02  -1.083663e-02  -4.528263e+01   1.996944e+03  -1.626862e+01   0.000000e+00   1.626862e+01   0.000000e+00   1.094308e+03   2.699018e+03   0.000000e+00   9.948701e-06   7.589183e-01   0.000000e+00              1
